0.0, 0.0 0.0 0.0 0.0
1e-05, 0.0 0.0 0.0 0.0
2e-05, 0.0 0.0 0.0 0.0
3.0000000000000004e-05, 0.0 0.0 0.0 0.0
4e-05, 0.0 0.0 0.0 0.0
5e-05, 0.0 0.0 0.0 0.0
6e-05, 0.0 0.0 0.0 0.0
7.000000000000001e-05, 0.0 0.0 0.0 0.0
8e-05, 0.0 0.0 0.0 0.0
9e-05, 0.0 0.0 0.0 0.0
0.0001, 0.0 0.0 0.0 0.0
0.00011, 0.0 0.0 0.0 0.0
0.00012, 0.0 0.0 0.0 0.0
0.00013000000000000002, 0.0 0.0 0.0 0.0
0.00014000000000000001, 0.0 0.0 0.0 0.0
0.00015000000000000001, 0.0 0.0 0.0 0.0
0.00016, 0.0 0.0 0.0 0.0
0.00017, 0.0 0.0 0.0 0.0
0.00018, 0.0 0.0 0.0 0.0
0.00019, 0.0 0.0 0.0 0.0
0.0002, 0.0 0.0 0.0 0.0
0.00021, 0.0 0.0 0.0 0.0
0.00022, 0.0 0.0 0.0 0.0
0.00023, 0.0 0.0 0.0 0.0
0.00024, 0.0 0.0 0.0 0.0
0.00025, 0.0 0.0 0.0 0.0
0.00026000000000000003, 0.0 0.0 0.0 0.0
0.00027000000000000006, 0.0 0.0 0.0 0.0
0.0002800000000000001, 0.0 0.0 0.0 0.0
0.0002900000000000001, 0.0 0.0 0.0 0.0
0.00030000000000000014, 0.0 0.0 0.0 0.0
0.00031000000000000016, 0.0 0.0 0.0 0.0
0.0003200000000000002, 0.0 0.0 0.0 0.0
0.0003300000000000002, 0.0 0.0 0.0 0.0
0.00034000000000000024, 0.0 0.0 0.0 0.0
0.00035000000000000027, 0.0 0.0 0.0 0.0
0.0003600000000000003, 0.0 0.0 0.0 0.0
0.0003700000000000003, 0.0 0.0 0.0 0.0
0.00038000000000000035, 0.0 0.0 0.0 0.0
0.00039000000000000037, 0.0 0.0 0.0 0.0
0.0004000000000000004, 0.0 0.0 0.0 0.0
0.0004100000000000004, 0.0 0.0 0.0 0.0
0.00042000000000000045, 0.0 0.0 0.0 0.0
0.0004300000000000005, 0.0 0.0 0.0 0.0
0.0004400000000000005, 0.0 0.0 0.0 0.0
0.00045000000000000053, 0.0 0.0 0.0 0.0
0.00046000000000000056, 0.0 0.0 0.0 0.0
0.0004700000000000006, 0.0 0.0 0.0 0.0
0.0004800000000000006, 0.0 0.0 0.0 0.0
0.0004900000000000006, 0.0 0.0 0.0 0.0
0.0005000000000000007, 0.0 0.0 0.0 0.0
0.0005100000000000007, 0.0 0.0 0.0 0.0
0.0005200000000000007, 0.0 0.0 0.0 0.0
0.0005300000000000007, 0.0 0.0 0.0 0.0
0.0005400000000000008, 0.0 0.0 0.0 0.0
0.0005500000000000008, 0.0 0.0 0.0 0.0
0.0005600000000000008, 0.0 0.0 0.0 0.0
0.0005700000000000008, 0.0 0.0 0.0 0.0
0.0005800000000000009, 0.0 0.0 0.0 0.0
0.0005900000000000009, 0.0 0.0 0.0 0.0
0.0006000000000000009, 0.0 0.0 0.0 0.0
0.000610000000000001, 0.0 0.0 0.0 0.0
0.000620000000000001, 0.0 0.0 0.0 0.0
0.000630000000000001, 0.0 0.0 0.0 0.0
0.000640000000000001, 0.0 0.0 0.0 0.0
0.0006500000000000011, 0.0 0.0 0.0 0.0
0.0006600000000000011, 0.0 0.0 0.0 0.0
0.0006700000000000011, 0.0 0.0 0.0 0.0
0.0006800000000000011, 0.0 0.0 0.0 0.0
0.0006900000000000012, 0.0 0.0 0.0 0.0
0.0007000000000000012, 0.0 0.0 0.0 0.0
0.0007100000000000012, 0.0 0.0 0.0 0.0
0.0007200000000000012, 0.0 0.0 0.0 0.0
0.0007300000000000013, 0.0 0.0 0.0 0.0
0.0007400000000000013, 0.0 0.0 0.0 0.0
0.0007500000000000013, 0.0 0.0 0.0 0.0
0.0007600000000000013, 0.0 0.0 0.0 0.0
0.0007700000000000014, 0.0 0.0 0.0 0.0
0.0007800000000000014, 0.0 0.0 0.0 0.0
0.0007900000000000014, 0.0 0.0 0.0 0.0
0.0008000000000000014, 0.0 0.0 0.0 0.0
0.0008100000000000015, 0.0 0.0 0.0 0.0
0.0008200000000000015, 0.0 0.0 0.0 0.0
0.0008300000000000015, 0.0 0.0 0.0 0.0
0.0008400000000000016, 0.0 0.0 0.0 0.0
0.0008500000000000016, 0.0 0.0 0.0 0.0
0.0008600000000000016, 0.0 0.0 0.0 0.0
0.0008700000000000016, 0.0 0.0 0.0 0.0
0.0008800000000000017, 0.0 0.0 0.0 0.0
0.0008900000000000017, 0.0 0.0 0.0 0.0
0.0009000000000000017, 0.0 0.0 0.0 0.0
0.0009100000000000017, 0.0 0.0 0.0 0.0
0.0009200000000000018, 0.0 0.0 0.0 0.0
0.0009300000000000018, 0.0 0.0 0.0 0.0
0.0009400000000000018, 0.0 0.0 0.0 0.0
0.0009500000000000018, 0.0 0.0 0.0 0.0
0.0009600000000000019, 0.0 0.0 0.0 0.0
0.0009700000000000019, 0.0 0.0 0.0 0.0
0.000980000000000002, 0.0 0.0 0.0 0.0
0.000990000000000002, 0.0 0.0 0.0 0.0
0.001000000000000002, 0.0 0.0 0.0 0.0
0.001010000000000002, 0.0 0.0 0.0 0.0
0.001020000000000002, 0.0 0.0 0.0 0.0
0.001030000000000002, 0.0 0.0 0.0 0.0
0.001040000000000002, 0.0 0.0 0.0 0.0
0.001050000000000002, 0.0 0.0 0.0 0.0
0.0010600000000000021, 0.0 0.0 0.0 0.0
0.0010700000000000022, 0.0 0.0 0.0 0.0
0.0010800000000000022, 0.0 0.0 0.0 0.0
0.0010900000000000022, 0.0 0.0 0.0 0.0
0.0011000000000000022, 0.0 0.0 0.0 0.0
0.0011100000000000023, 0.0 0.0 0.0 0.0
0.0011200000000000023, 0.0 0.0 0.0 0.0
0.0011300000000000023, 0.0 0.0 0.0 0.0
0.0011400000000000023, 0.0 0.0 0.0 0.0
0.0011500000000000024, 0.0 0.0 0.0 0.0
0.0011600000000000024, 0.0 0.0 0.0 0.0
0.0011700000000000024, 0.0 0.0 0.0 0.0
0.0011800000000000024, 0.0 0.0 0.0 0.0
0.0011900000000000025, 0.0 0.0 0.0 0.0
0.0012000000000000025, 0.0 0.0 0.0 0.0
0.0012100000000000025, 0.0 0.0 0.0 0.0
0.0012200000000000025, 0.0 0.0 0.0 0.0
0.0012300000000000026, 0.0 0.0 0.0 0.0
0.0012400000000000026, 0.0 0.0 0.0 0.0
0.0012500000000000026, 0.0 0.0 0.0 0.0
0.0012600000000000027, 0.0 0.0 0.0 0.0
0.0012700000000000027, 0.0 0.0 0.0 0.0
0.0012800000000000027, 0.0 0.0 0.0 0.0
0.0012900000000000027, 0.0 0.0 0.0 0.0
0.0013000000000000028, 0.0 0.0 0.0 0.0
0.0013100000000000028, 0.0 0.0 0.0 0.0
0.0013200000000000028, 0.0 0.0 0.0 0.0
0.0013300000000000028, 0.0 0.0 0.0 0.0
0.0013400000000000029, 0.0 0.0 0.0 0.0
0.0013500000000000029, 0.0 0.0 0.0 0.0
0.001360000000000003, 0.0 0.0 0.0 0.0
0.001370000000000003, 0.0 0.0 0.0 0.0
0.001380000000000003, 0.0 0.0 0.0 0.0
0.001390000000000003, 0.0 0.0 0.0 0.0
0.001400000000000003, 0.0 0.0 0.0 0.0
0.001410000000000003, 0.0 0.0 0.0 0.0
0.001420000000000003, 0.0 0.0 0.0 0.0
0.001430000000000003, 0.0 0.0 0.0 0.0
0.0014400000000000031, 0.0 0.0 0.0 0.0
0.0014500000000000032, 0.0 0.0 0.0 0.0
0.0014600000000000032, 0.0 0.0 0.0 0.0
0.0014700000000000032, 0.0 0.0 0.0 0.0
0.0014800000000000032, 0.0 0.0 0.0 0.0
0.0014900000000000033, 0.0 0.0 0.0 0.0
0.0015000000000000033, 0.0 0.0 0.0 0.0
0.0015100000000000033, 0.0 0.0 0.0 0.0
0.0015200000000000033, 0.0 0.0 0.0 0.0
0.0015300000000000034, 0.0 0.0 0.0 0.0
0.0015400000000000034, 0.0 0.0 0.0 0.0
0.0015500000000000034, 0.0 0.0 0.0 0.0
0.0015600000000000034, 0.0 0.0 0.0 0.0
0.0015700000000000035, 0.0 0.0 0.0 0.0
0.0015800000000000035, 0.0 0.0 0.0 0.0
0.0015900000000000035, 0.0 0.0 0.0 0.0
0.0016000000000000035, 0.0 0.0 0.0 0.0
0.0016100000000000036, 0.0 0.0 0.0 0.0
0.0016200000000000036, 0.0 0.0 0.0 0.0
0.0016300000000000036, 0.0 0.0 0.0 0.0
0.0016400000000000037, 0.0 0.0 0.0 0.0
0.0016500000000000037, 0.0 0.0 0.0 0.0
0.0016600000000000037, 0.0 0.0 0.0 0.0
0.0016700000000000037, 0.0 0.0 0.0 0.0
0.0016800000000000038, 0.0 0.0 0.0 0.0
0.0016900000000000038, 0.0 0.0 0.0 0.0
0.0017000000000000038, 0.0 0.0 0.0 0.0
0.0017100000000000038, 0.0 0.0 0.0 0.0
0.0017200000000000039, 0.0 0.0 0.0 0.0
0.0017300000000000039, 0.0 0.0 0.0 0.0
0.001740000000000004, 0.0 0.0 0.0 0.0
0.001750000000000004, 0.0 0.0 0.0 0.0
0.001760000000000004, 0.0 0.0 0.0 0.0
0.001770000000000004, 0.0 0.0 0.0 0.0
0.001780000000000004, 0.0 0.0 0.0 0.0
0.001790000000000004, 0.0 0.0 0.0 0.0
0.001800000000000004, 0.0 0.0 0.0 0.0
0.001810000000000004, 0.0 0.0 0.0 0.0
0.0018200000000000041, 0.0 0.0 0.0 0.0
0.0018300000000000041, 0.0 0.0 0.0 0.0
0.0018400000000000042, 0.0 0.0 0.0 0.0
0.0018500000000000042, 0.0 0.0 0.0 0.0
0.0018600000000000042, 0.0 0.0 0.0 0.0
0.0018700000000000043, 0.0 0.0 0.0 0.0
0.0018800000000000043, 0.0 0.0 0.0 0.0
0.0018900000000000043, 0.0 0.0 0.0 0.0
0.0019000000000000043, 0.0 0.0 0.0 0.0
0.0019100000000000044, 0.0 0.0 0.0 0.0
0.0019200000000000044, 0.0 0.0 0.0 0.0
0.0019300000000000044, 0.0 0.0 0.0 0.0
0.0019400000000000044, 0.0 0.0 0.0 0.0
0.0019500000000000045, 0.0 0.0 0.0 0.0
0.0019600000000000043, 0.0 0.0 0.0 0.0
0.0019700000000000043, 0.0 0.0 0.0 0.0
0.0019800000000000043, 0.0 0.0 0.0 0.0
0.0019900000000000044, 0.0 0.0 0.0 0.0
0.0020000000000000044, 0.0 1.0842021724855044e-13 5.421010862427522e-14 -5.421010862427522e-17
0.0020100000000000044, 0.0 0.2500000000001091 0.12500000000005454 -0.00012500000000005454
0.0020200000000000044, 0.0 0.5000000000001097 0.25000000000005485 -0.00025000000000005487
0.0020300000000000045, 0.0 0.7500000000001104 0.3750000000000552 -0.0003750000000000552
0.0020400000000000045, 0.0 1.000000000000111 0.5000000000000555 -0.0005000000000000555
0.0020500000000000045, 0.0 1.2500000000001115 0.6250000000000557 -0.0006250000000000557
0.0020600000000000045, 0.0 1.5000000000001124 0.7500000000000562 -0.0007500000000000562
0.0020700000000000046, 0.0 1.7500000000001128 0.8750000000000564 -0.0008750000000000564
0.0020800000000000046, 0.0 2.0000000000001137 1.0000000000000568 -0.0010000000000000568
0.0020900000000000046, 0.0 2.250000000000114 1.125000000000057 -0.0011250000000000572
0.0021000000000000046, 0.0 2.500000000000115 1.2500000000000575 -0.0012500000000000575
0.0021100000000000047, 0.0 2.7500000000001155 1.3750000000000577 -0.0013750000000000578
0.0021200000000000047, 0.0 3.000000000000116 1.500000000000058 -0.001500000000000058
0.0021300000000000047, 0.0 3.250000000000117 1.6250000000000584 -0.0016250000000000585
0.0021400000000000047, 0.0 3.5000000000001172 1.7500000000000586 -0.0017500000000000586
0.0021500000000000048, 0.0 3.750000000000118 1.875000000000059 -0.0018750000000000591
0.002160000000000005, 0.0 4.000000000000118 2.000000000000059 -0.002000000000000059
0.002170000000000005, 0.0 4.250000000000119 2.1250000000000595 -0.0021250000000000596
0.002180000000000005, 0.0 4.50000000000012 2.25000000000006 -0.00225000000000006
0.002190000000000005, 0.0 4.750000000000121 2.3750000000000604 -0.0023750000000000607
0.002200000000000005, 0.0 5.0 2.5 -0.0025
0.002210000000000005, 0.0 5.0 2.5 -0.0025
0.002220000000000005, 0.0 5.0 2.5 -0.0025
0.002230000000000005, 0.0 5.0 2.5 -0.0025
0.002240000000000005, 0.0 5.0 2.5 -0.0025
0.002250000000000005, 0.0 5.0 2.5 -0.0025
0.002260000000000005, 0.0 5.0 2.5 -0.0025
0.002270000000000005, 0.0 5.0 2.5 -0.0025
0.002280000000000005, 0.0 5.0 2.5 -0.0025
0.002290000000000005, 0.0 5.0 2.5 -0.0025
0.002300000000000005, 0.0 5.0 2.5 -0.0025
0.002310000000000005, 0.0 5.0 2.5 -0.0025
0.0023200000000000052, 0.0 5.0 2.5 -0.0025
0.0023300000000000052, 0.0 5.0 2.5 -0.0025
0.0023400000000000053, 0.0 5.0 2.5 -0.0025
0.0023500000000000053, 0.0 5.0 2.5 -0.0025
0.0023600000000000053, 0.0 5.0 2.5 -0.0025
0.0023700000000000053, 0.0 5.0 2.5 -0.0025
0.0023800000000000054, 0.0 5.0 2.5 -0.0025
0.0023900000000000054, 0.0 5.0 2.5 -0.0025
0.0024000000000000054, 0.0 5.0 2.5 -0.0025
0.0024100000000000055, 0.0 5.0 2.5 -0.0025
0.0024200000000000055, 0.0 5.0 2.5 -0.0025
0.0024300000000000055, 0.0 5.0 2.5 -0.0025
0.0024400000000000055, 0.0 5.0 2.5 -0.0025
0.0024500000000000056, 0.0 5.0 2.5 -0.0025
0.0024600000000000056, 0.0 5.0 2.5 -0.0025
0.0024700000000000056, 0.0 5.0 2.5 -0.0025
0.0024800000000000056, 0.0 5.0 2.5 -0.0025
0.0024900000000000057, 0.0 5.0 2.5 -0.0025
0.0025000000000000057, 0.0 5.0 2.5 -0.0025
0.0025100000000000057, 0.0 5.0 2.5 -0.0025
0.0025200000000000057, 0.0 5.0 2.5 -0.0025
0.0025300000000000058, 0.0 5.0 2.5 -0.0025
0.002540000000000006, 0.0 5.0 2.5 -0.0025
0.002550000000000006, 0.0 5.0 2.5 -0.0025
0.002560000000000006, 0.0 5.0 2.5 -0.0025
0.002570000000000006, 0.0 5.0 2.5 -0.0025
0.002580000000000006, 0.0 5.0 2.5 -0.0025
0.002590000000000006, 0.0 5.0 2.5 -0.0025
0.002600000000000006, 0.0 5.0 2.5 -0.0025
0.002610000000000006, 0.0 5.0 2.5 -0.0025
0.002620000000000006, 0.0 5.0 2.5 -0.0025
0.002630000000000006, 0.0 5.0 2.5 -0.0025
0.002640000000000006, 0.0 5.0 2.5 -0.0025
0.002650000000000006, 0.0 5.0 2.5 -0.0025
0.002660000000000006, 0.0 5.0 2.5 -0.0025
0.002670000000000006, 0.0 5.0 2.5 -0.0025
0.002680000000000006, 0.0 5.0 2.5 -0.0025
0.002690000000000006, 0.0 5.0 2.5 -0.0025
0.002700000000000006, 0.0 4.9999999999998455 2.4999999999999227 -0.002499999999999923
0.0027100000000000062, 0.0 4.749999999999845 2.3749999999999223 -0.0023749999999999223
0.0027200000000000063, 0.0 4.499999999999845 2.2499999999999223 -0.002249999999999922
0.0027300000000000063, 0.0 4.249999999999844 2.124999999999922 -0.002124999999999922
0.0027400000000000063, 0.0 3.999999999999843 1.9999999999999214 -0.0019999999999999215
0.0027500000000000063, 0.0 3.7499999999998423 1.8749999999999212 -0.0018749999999999212
0.0027600000000000064, 0.0 3.4999999999998415 1.7499999999999207 -0.0017499999999999207
0.0027700000000000064, 0.0 3.249999999999841 1.6249999999999205 -0.0016249999999999206
0.0027800000000000064, 0.0 2.99999999999984 1.49999999999992 -0.00149999999999992
0.0027900000000000065, 0.0 2.7499999999998397 1.3749999999999198 -0.00137499999999992
0.0028000000000000065, 0.0 2.4999999999998392 1.2499999999999196 -0.0012499999999999196
0.0028100000000000065, 0.0 2.2499999999998384 1.1249999999999192 -0.0011249999999999193
0.0028200000000000065, 0.0 1.999999999999838 0.999999999999919 -0.000999999999999919
0.0028300000000000066, 0.0 1.7499999999998375 0.8749999999999187 -0.0008749999999999187
0.0028400000000000066, 0.0 1.4999999999998366 0.7499999999999183 -0.0007499999999999183
0.0028500000000000066, 0.0 1.2499999999998357 0.6249999999999178 -0.0006249999999999178
0.0028600000000000066, 0.0 0.9999999999998357 0.49999999999991784 -0.0004999999999999178
0.0028700000000000067, 0.0 0.7499999999998348 0.3749999999999174 -0.0003749999999999174
0.0028800000000000067, 0.0 0.4999999999998339 0.24999999999991696 -0.00024999999999991696
0.0028900000000000067, 0.0 0.24999999999983302 0.12499999999991651 -0.00012499999999991652
0.0029000000000000067, 0.0 0.0 0.0 0.0
0.0029100000000000068, 0.0 0.0 0.0 0.0
0.002920000000000007, 0.0 0.0 0.0 0.0
0.002930000000000007, 0.0 0.0 0.0 0.0
0.002940000000000007, 0.0 0.0 0.0 0.0
0.002950000000000007, 0.0 0.0 0.0 0.0
0.002960000000000007, 0.0 0.0 0.0 0.0
0.002970000000000007, 0.0 0.0 0.0 0.0
0.002980000000000007, 0.0 0.0 0.0 0.0
0.002990000000000007, 0.0 0.0 0.0 0.0
0.003000000000000007, 0.0 1.734723475976807e-13 8.673617379884035e-14 -8.673617379884035e-17
0.003010000000000007, 0.0 0.2500000000001741 0.12500000000008704 -0.00012500000000008704
0.003020000000000007, 0.0 0.5000000000001747 0.2500000000000874 -0.0002500000000000874
0.003030000000000007, 0.0 0.7500000000001754 0.3750000000000877 -0.0003750000000000877
0.003040000000000007, 0.0 1.000000000000176 0.500000000000088 -0.000500000000000088
0.003050000000000007, 0.0 1.2500000000001767 0.6250000000000884 -0.0006250000000000884
0.003060000000000007, 0.0 1.5000000000001772 0.7500000000000886 -0.0007500000000000886
0.003070000000000007, 0.0 1.750000000000178 0.875000000000089 -0.000875000000000089
0.003080000000000007, 0.0 2.0000000000001785 1.0000000000000893 -0.0010000000000000894
0.0030900000000000072, 0.0 2.2500000000001794 1.1250000000000897 -0.0011250000000000897
0.0031000000000000073, 0.0 2.50000000000018 1.25000000000009 -0.00125000000000009
0.0031100000000000073, 0.0 2.7500000000001807 1.3750000000000904 -0.0013750000000000903
0.0031200000000000073, 0.0 3.000000000000181 1.5000000000000906 -0.0015000000000000907
0.0031300000000000073, 0.0 3.2500000000001816 1.6250000000000908 -0.0016250000000000908
0.0031400000000000074, 0.0 3.5000000000001825 1.7500000000000913 -0.0017500000000000913
0.0031500000000000074, 0.0 3.750000000000183 1.8750000000000915 -0.0018750000000000914
0.0031600000000000074, 0.0 4.000000000000184 2.000000000000092 -0.002000000000000092
0.0031700000000000074, 0.0 4.250000000000184 2.125000000000092 -0.002125000000000092
0.0031800000000000075, 0.0 4.500000000000185 2.2500000000000924 -0.002250000000000092
0.0031900000000000075, 0.0 4.750000000000186 2.375000000000093 -0.0023750000000000927
0.0032000000000000075, 0.0 5.0 2.5 -0.0025
0.0032100000000000076, 0.0 5.0 2.5 -0.0025
0.0032200000000000076, 0.0 5.0 2.5 -0.0025
0.0032300000000000076, 0.0 5.0 2.5 -0.0025
0.0032400000000000076, 0.0 5.0 2.5 -0.0025
0.0032500000000000077, 0.0 5.0 2.5 -0.0025
0.0032600000000000077, 0.0 5.0 2.5 -0.0025
0.0032700000000000077, 0.0 5.0 2.5 -0.0025
0.0032800000000000077, 0.0 5.0 2.5 -0.0025
0.0032900000000000078, 0.0 5.0 2.5 -0.0025
0.003300000000000008, 0.0 5.0 2.5 -0.0025
0.003310000000000008, 0.0 5.0 2.5 -0.0025
0.003320000000000008, 0.0 5.0 2.5 -0.0025
0.003330000000000008, 0.0 5.0 2.5 -0.0025
0.003340000000000008, 0.0 5.0 2.5 -0.0025
0.003350000000000008, 0.0 5.0 2.5 -0.0025
0.003360000000000008, 0.0 5.0 2.5 -0.0025
0.003370000000000008, 0.0 5.0 2.5 -0.0025
0.003380000000000008, 0.0 5.0 2.5 -0.0025
0.003390000000000008, 0.0 5.0 2.5 -0.0025
0.003400000000000008, 0.0 5.0 2.5 -0.0025
0.003410000000000008, 0.0 5.0 2.5 -0.0025
0.003420000000000008, 0.0 5.0 2.5 -0.0025
0.003430000000000008, 0.0 5.0 2.5 -0.0025
0.003440000000000008, 0.0 5.0 2.5 -0.0025
0.003450000000000008, 0.0 5.0 2.5 -0.0025
0.003460000000000008, 0.0 5.0 2.5 -0.0025
0.0034700000000000082, 0.0 5.0 2.5 -0.0025
0.0034800000000000083, 0.0 5.0 2.5 -0.0025
0.0034900000000000083, 0.0 5.0 2.5 -0.0025
0.0035000000000000083, 0.0 5.0 2.5 -0.0025
0.0035100000000000083, 0.0 5.0 2.5 -0.0025
0.0035200000000000084, 0.0 5.0 2.5 -0.0025
0.0035300000000000084, 0.0 5.0 2.5 -0.0025
0.0035400000000000084, 0.0 5.0 2.5 -0.0025
0.0035500000000000084, 0.0 5.0 2.5 -0.0025
0.0035600000000000085, 0.0 5.0 2.5 -0.0025
0.0035700000000000085, 0.0 5.0 2.5 -0.0025
0.0035800000000000085, 0.0 5.0 2.5 -0.0025
0.0035900000000000085, 0.0 5.0 2.5 -0.0025
0.0036000000000000086, 0.0 5.0 2.5 -0.0025
0.0036100000000000086, 0.0 5.0 2.5 -0.0025
0.0036200000000000086, 0.0 5.0 2.5 -0.0025
0.0036300000000000087, 0.0 5.0 2.5 -0.0025
0.0036400000000000087, 0.0 5.0 2.5 -0.0025
0.0036500000000000087, 0.0 5.0 2.5 -0.0025
0.0036600000000000087, 0.0 5.0 2.5 -0.0025
0.0036700000000000088, 0.0 5.0 2.5 -0.0025
0.003680000000000009, 0.0 5.0 2.5 -0.0025
0.003690000000000009, 0.0 5.0 2.5 -0.0025
0.003700000000000009, 0.0 4.999999999999781 2.4999999999998903 -0.0024999999999998903
0.003710000000000009, 0.0 4.74999999999978 2.37499999999989 -0.00237499999999989
0.003720000000000009, 0.0 4.499999999999779 2.2499999999998894 -0.0022499999999998897
0.003730000000000009, 0.0 4.249999999999779 2.1249999999998894 -0.0021249999999998896
0.003740000000000009, 0.0 3.999999999999778 1.999999999999889 -0.001999999999999889
0.003750000000000009, 0.0 3.749999999999777 1.8749999999998885 -0.0018749999999998885
0.003760000000000009, 0.0 3.4999999999997766 1.7499999999998883 -0.0017499999999998884
0.003770000000000009, 0.0 3.2499999999997757 1.6249999999998879 -0.0016249999999998878
0.003780000000000009, 0.0 2.9999999999997753 1.4999999999998876 -0.0014999999999998877
0.003790000000000009, 0.0 2.7499999999997744 1.3749999999998872 -0.0013749999999998872
0.003800000000000009, 0.0 2.499999999999774 1.249999999999887 -0.001249999999999887
0.003810000000000009, 0.0 2.2499999999997735 1.1249999999998868 -0.0011249999999998867
0.003820000000000009, 0.0 1.9999999999997726 0.9999999999998864 -0.0009999999999998864
0.003830000000000009, 0.0 1.7499999999997722 0.8749999999998861 -0.0008749999999998861
0.003840000000000009, 0.0 1.4999999999997717 0.7499999999998859 -0.0007499999999998858
0.0038500000000000092, 0.0 1.2499999999997708 0.6249999999998854 -0.0006249999999998854
0.0038600000000000093, 0.0 0.99999999999977 0.499999999999885 -0.000499999999999885
0.0038700000000000093, 0.0 0.74999999999977 0.374999999999885 -0.000374999999999885
0.0038800000000000093, 0.0 0.4999999999997691 0.24999999999988454 -0.00024999999999988454
0.0038900000000000093, 0.0 0.24999999999976819 0.12499999999988409 -0.0001249999999998841
0.0039000000000000094, 0.0 0.0 0.0 0.0
0.003910000000000009, 0.0 0.0 0.0 0.0
0.0039200000000000085, 0.0 0.0 0.0 0.0
0.003930000000000008, 0.0 0.0 0.0 0.0
0.003940000000000008, 0.0 0.0 0.0 0.0
0.003950000000000007, 0.0 0.0 0.0 0.0
0.003960000000000007, 0.0 0.0 0.0 0.0
0.0039700000000000065, 0.0 0.0 0.0 0.0
0.003980000000000006, 0.0 0.0 0.0 0.0
0.003990000000000006, 0.0 0.0 0.0 0.0
0.004000000000000005, 0.0 1.3010426069826053e-13 6.505213034913027e-14 -6.505213034913027e-17
0.004010000000000005, 0.0 0.2500000000001199 0.12500000000005995 -0.00012500000000005996
0.0040200000000000045, 0.0 0.5000000000001097 0.25000000000005485 -0.00025000000000005487
0.004030000000000004, 0.0 0.7500000000000995 0.37500000000004974 -0.00037500000000004977
0.004040000000000004, 0.0 1.0000000000000893 0.5000000000000446 -0.0005000000000000447
0.004050000000000003, 0.0 1.250000000000079 0.6250000000000395 -0.0006250000000000396
0.004060000000000003, 0.0 1.5000000000000688 0.7500000000000344 -0.0007500000000000344
0.0040700000000000024, 0.0 1.7500000000000586 0.8750000000000293 -0.0008750000000000293
0.004080000000000002, 0.0 2.0000000000000484 1.0000000000000242 -0.0010000000000000243
0.004090000000000002, 0.0 2.250000000000038 1.125000000000019 -0.0011250000000000192
0.004100000000000001, 0.0 2.5000000000000284 1.2500000000000142 -0.0012500000000000143
0.004110000000000001, 0.0 2.7500000000000178 1.3750000000000089 -0.0013750000000000088
0.00412, 0.0 3.0000000000000075 1.5000000000000038 -0.0015000000000000037
0.00413, 0.0 3.2499999999999973 1.6249999999999987 -0.0016249999999999986
0.00414, 0.0 3.4999999999999876 1.7499999999999938 -0.0017499999999999937
0.004149999999999999, 0.0 3.7499999999999774 1.8749999999999887 -0.0018749999999999887
0.004159999999999999, 0.0 3.999999999999967 1.9999999999999836 -0.0019999999999999836
0.004169999999999998, 0.0 4.2499999999999565 2.1249999999999782 -0.0021249999999999785
0.004179999999999998, 0.0 4.499999999999947 2.2499999999999734 -0.0022499999999999734
0.0041899999999999975, 0.0 4.749999999999936 2.374999999999968 -0.0023749999999999683
0.004199999999999997, 0.0 4.999999999999926 2.499999999999963 -0.002499999999999963
0.004209999999999997, 0.0 5.0 2.5 -0.0025
0.004219999999999996, 0.0 5.0 2.5 -0.0025
0.004229999999999996, 0.0 5.0 2.5 -0.0025
0.0042399999999999955, 0.0 5.0 2.5 -0.0025
0.004249999999999995, 0.0 5.0 2.5 -0.0025
0.004259999999999995, 0.0 5.0 2.5 -0.0025
0.004269999999999994, 0.0 5.0 2.5 -0.0025
0.004279999999999994, 0.0 5.0 2.5 -0.0025
0.0042899999999999935, 0.0 5.0 2.5 -0.0025
0.004299999999999993, 0.0 5.0 2.5 -0.0025
0.004309999999999993, 0.0 5.0 2.5 -0.0025
0.004319999999999992, 0.0 5.0 2.5 -0.0025
0.004329999999999992, 0.0 5.0 2.5 -0.0025
0.0043399999999999914, 0.0 5.0 2.5 -0.0025
0.004349999999999991, 0.0 5.0 2.5 -0.0025
0.004359999999999991, 0.0 5.0 2.5 -0.0025
0.00436999999999999, 0.0 5.0 2.5 -0.0025
0.00437999999999999, 0.0 5.0 2.5 -0.0025
0.004389999999999989, 0.0 5.0 2.5 -0.0025
0.004399999999999989, 0.0 5.0 2.5 -0.0025
0.004409999999999989, 0.0 5.0 2.5 -0.0025
0.004419999999999988, 0.0 5.0 2.5 -0.0025
0.004429999999999988, 0.0 5.0 2.5 -0.0025
0.004439999999999987, 0.0 5.0 2.5 -0.0025
0.004449999999999987, 0.0 5.0 2.5 -0.0025
0.0044599999999999865, 0.0 5.0 2.5 -0.0025
0.004469999999999986, 0.0 5.0 2.5 -0.0025
0.004479999999999986, 0.0 5.0 2.5 -0.0025
0.004489999999999985, 0.0 5.0 2.5 -0.0025
0.004499999999999985, 0.0 5.0 2.5 -0.0025
0.0045099999999999845, 0.0 5.0 2.5 -0.0025
0.004519999999999984, 0.0 5.0 2.5 -0.0025
0.004529999999999984, 0.0 5.0 2.5 -0.0025
0.004539999999999983, 0.0 5.0 2.5 -0.0025
0.004549999999999983, 0.0 5.0 2.5 -0.0025
0.0045599999999999825, 0.0 5.0 2.5 -0.0025
0.004569999999999982, 0.0 5.0 2.5 -0.0025
0.004579999999999982, 0.0 5.0 2.5 -0.0025
0.004589999999999981, 0.0 5.0 2.5 -0.0025
0.004599999999999981, 0.0 5.0 2.5 -0.0025
0.00460999999999998, 0.0 5.0 2.5 -0.0025
0.00461999999999998, 0.0 5.0 2.5 -0.0025
0.00462999999999998, 0.0 5.0 2.5 -0.0025
0.004639999999999979, 0.0 5.0 2.5 -0.0025
0.004649999999999979, 0.0 5.0 2.5 -0.0025
0.004659999999999978, 0.0 5.0 2.5 -0.0025
0.004669999999999978, 0.0 5.0 2.5 -0.0025
0.004679999999999978, 0.0 5.0 2.5 -0.0025
0.004689999999999977, 0.0 5.0 2.5 -0.0025
0.004699999999999977, 0.0 5.0 2.5 -0.0025
0.004709999999999976, 0.0 4.750000000000593 2.3750000000002967 -0.0023750000000002966
0.004719999999999976, 0.0 4.500000000000603 2.2500000000003015 -0.0022500000000003017
0.0047299999999999755, 0.0 4.250000000000613 2.1250000000003064 -0.0021250000000003063
0.004739999999999975, 0.0 4.0000000000006235 2.0000000000003118 -0.002000000000000312
0.004749999999999975, 0.0 3.7500000000006337 1.8750000000003169 -0.001875000000000317
0.004759999999999974, 0.0 3.500000000000644 1.750000000000322 -0.001750000000000322
0.004769999999999974, 0.0 3.250000000000654 1.625000000000327 -0.0016250000000003271
0.0047799999999999735, 0.0 3.0000000000006644 1.5000000000003322 -0.0015000000000003322
0.004789999999999973, 0.0 2.7500000000006746 1.3750000000003373 -0.0013750000000003373
0.004799999999999973, 0.0 2.500000000000685 1.2500000000003424 -0.0012500000000003424
0.004809999999999972, 0.0 2.2500000000006946 1.1250000000003473 -0.0011250000000003473
0.004819999999999972, 0.0 2.000000000000705 1.0000000000003526 -0.0010000000000003526
0.0048299999999999715, 0.0 1.7500000000007154 0.8750000000003577 -0.0008750000000003577
0.004839999999999971, 0.0 1.5000000000007256 0.7500000000003628 -0.0007500000000003628
0.004849999999999971, 0.0 1.2500000000007354 0.6250000000003677 -0.0006250000000003677
0.00485999999999997, 0.0 1.000000000000746 0.500000000000373 -0.0005000000000003731
0.00486999999999997, 0.0 0.7500000000007558 0.3750000000003779 -0.0003750000000003779
0.004879999999999969, 0.0 0.5000000000007665 0.25000000000038325 -0.00025000000000038327
0.004889999999999969, 0.0 0.25000000000077627 0.12500000000038813 -0.00012500000000038815
0.004899999999999969, 0.0 7.86926079854311e-13 3.934630399271555e-13 -3.934630399271555e-16
0.004909999999999968, 0.0 0.0 0.0 0.0
0.004919999999999968, 0.0 0.0 0.0 0.0
0.004929999999999967, 0.0 0.0 0.0 0.0
0.004939999999999967, 0.0 0.0 0.0 0.0
0.004949999999999967, 0.0 0.0 0.0 0.0
0.004959999999999966, 0.0 0.0 0.0 0.0
0.004969999999999966, 0.0 0.0 0.0 0.0
0.004979999999999965, 0.0 0.0 0.0 0.0
0.004989999999999965, 0.0 0.0 0.0 0.0
0.0049999999999999645, 0.0 0.0 0.0 0.0
0.005009999999999964, 0.0 0.24999999999910077 0.12499999999955039 -0.00012499999999955038
0.005019999999999964, 0.0 0.49999999999909056 0.24999999999954528 -0.0002499999999995453
0.005029999999999963, 0.0 0.7499999999990803 0.37499999999954015 -0.00037499999999954014
0.005039999999999963, 0.0 0.9999999999990701 0.499999999999535 -0.000499999999999535
0.0050499999999999625, 0.0 1.2499999999990599 0.6249999999995299 -0.0006249999999995299
0.005059999999999962, 0.0 1.4999999999990499 0.7499999999995249 -0.0007499999999995249
0.005069999999999962, 0.0 1.7499999999990394 0.8749999999995197 -0.0008749999999995197
0.005079999999999961, 0.0 1.9999999999990294 0.9999999999995147 -0.0009999999999995147
0.005089999999999961, 0.0 2.249999999999019 1.1249999999995095 -0.0011249999999995094
0.0050999999999999605, 0.0 2.499999999999009 1.2499999999995044 -0.0012499999999995043
0.00510999999999996, 0.0 2.749999999998999 1.3749999999994995 -0.0013749999999994995
0.00511999999999996, 0.0 2.9999999999989884 1.4999999999994942 -0.0014999999999994941
0.005129999999999959, 0.0 3.249999999998978 1.624999999999489 -0.001624999999999489
0.005139999999999959, 0.0 3.4999999999989684 1.7499999999994842 -0.0017499999999994842
0.005149999999999958, 0.0 3.749999999998958 1.874999999999479 -0.001874999999999479
0.005159999999999958, 0.0 3.9999999999989475 1.999999999999474 -0.001999999999999474
0.005169999999999958, 0.0 4.249999999998938 2.124999999999469 -0.002124999999999469
0.005179999999999957, 0.0 4.499999999998928 2.249999999999464 -0.0022499999999994642
0.005189999999999957, 0.0 4.749999999998917 2.3749999999994587 -0.0023749999999994587
0.005199999999999956, 0.0 4.999999999998907 2.4999999999994533 -0.002499999999999453
0.005209999999999956, 0.0 5.0 2.5 -0.0025
0.005219999999999956, 0.0 5.0 2.5 -0.0025
0.005229999999999955, 0.0 5.0 2.5 -0.0025
0.005239999999999955, 0.0 5.0 2.5 -0.0025
0.005249999999999954, 0.0 5.0 2.5 -0.0025
0.005259999999999954, 0.0 5.0 2.5 -0.0025
0.0052699999999999535, 0.0 5.0 2.5 -0.0025
0.005279999999999953, 0.0 5.0 2.5 -0.0025
0.005289999999999953, 0.0 5.0 2.5 -0.0025
0.005299999999999952, 0.0 5.0 2.5 -0.0025
0.005309999999999952, 0.0 5.0 2.5 -0.0025
0.0053199999999999515, 0.0 5.0 2.5 -0.0025
0.005329999999999951, 0.0 5.0 2.5 -0.0025
0.005339999999999951, 0.0 5.0 2.5 -0.0025
0.00534999999999995, 0.0 5.0 2.5 -0.0025
0.00535999999999995, 0.0 5.0 2.5 -0.0025
0.0053699999999999495, 0.0 5.0 2.5 -0.0025
0.005379999999999949, 0.0 5.0 2.5 -0.0025
0.005389999999999949, 0.0 5.0 2.5 -0.0025
0.005399999999999948, 0.0 5.0 2.5 -0.0025
0.005409999999999948, 0.0 5.0 2.5 -0.0025
0.005419999999999947, 0.0 5.0 2.5 -0.0025
0.005429999999999947, 0.0 5.0 2.5 -0.0025
0.005439999999999947, 0.0 5.0 2.5 -0.0025
0.005449999999999946, 0.0 5.0 2.5 -0.0025
0.005459999999999946, 0.0 5.0 2.5 -0.0025
0.005469999999999945, 0.0 5.0 2.5 -0.0025
0.005479999999999945, 0.0 5.0 2.5 -0.0025
0.005489999999999945, 0.0 5.0 2.5 -0.0025
0.005499999999999944, 0.0 5.0 2.5 -0.0025
0.005509999999999944, 0.0 5.0 2.5 -0.0025
0.005519999999999943, 0.0 5.0 2.5 -0.0025
0.005529999999999943, 0.0 5.0 2.5 -0.0025
0.0055399999999999425, 0.0 5.0 2.5 -0.0025
0.005549999999999942, 0.0 5.0 2.5 -0.0025
0.005559999999999942, 0.0 5.0 2.5 -0.0025
0.005569999999999941, 0.0 5.0 2.5 -0.0025
0.005579999999999941, 0.0 5.0 2.5 -0.0025
0.0055899999999999405, 0.0 5.0 2.5 -0.0025
0.00559999999999994, 0.0 5.0 2.5 -0.0025
0.00560999999999994, 0.0 5.0 2.5 -0.0025
0.005619999999999939, 0.0 5.0 2.5 -0.0025
0.005629999999999939, 0.0 5.0 2.5 -0.0025
0.0056399999999999385, 0.0 5.0 2.5 -0.0025
0.005649999999999938, 0.0 5.0 2.5 -0.0025
0.005659999999999938, 0.0 5.0 2.5 -0.0025
0.005669999999999937, 0.0 5.0 2.5 -0.0025
0.005679999999999937, 0.0 5.0 2.5 -0.0025
0.005689999999999936, 0.0 5.0 2.5 -0.0025
0.005699999999999936, 0.0 5.0 2.5 -0.0025
0.005709999999999936, 0.0 4.750000000001612 2.375000000000806 -0.002375000000000806
0.005719999999999935, 0.0 4.500000000001622 2.250000000000811 -0.002250000000000811
0.005729999999999935, 0.0 4.2500000000016325 2.1250000000008162 -0.0021250000000008163
0.005739999999999934, 0.0 4.000000000001643 2.0000000000008216 -0.0020000000000008214
0.005749999999999934, 0.0 3.750000000001653 1.8750000000008265 -0.0018750000000008265
0.005759999999999934, 0.0 3.500000000001663 1.7500000000008316 -0.0017500000000008316
0.005769999999999933, 0.0 3.2500000000016733 1.6250000000008367 -0.0016250000000008367
0.005779999999999933, 0.0 3.0000000000016835 1.5000000000008418 -0.0015000000000008418
0.005789999999999932, 0.0 2.7500000000016938 1.3750000000008469 -0.001375000000000847
0.005799999999999932, 0.0 2.500000000001704 1.250000000000852 -0.001250000000000852
0.0058099999999999315, 0.0 2.250000000001714 1.125000000000857 -0.001125000000000857
0.005819999999999931, 0.0 2.0000000000017244 1.0000000000008622 -0.0010000000000008622
0.005829999999999931, 0.0 1.7500000000017346 0.8750000000008673 -0.0008750000000008673
0.00583999999999993, 0.0 1.5000000000017448 0.7500000000008724 -0.0007500000000008725
0.00584999999999993, 0.0 1.2500000000017546 0.6250000000008773 -0.0006250000000008773
0.0058599999999999295, 0.0 1.0000000000017648 0.5000000000008824 -0.0005000000000008824
0.005869999999999929, 0.0 0.7500000000017755 0.37500000000088773 -0.00037500000000088775
0.005879999999999929, 0.0 0.5000000000017852 0.2500000000008926 -0.00025000000000089263
0.005889999999999928, 0.0 0.2500000000017959 0.12500000000089795 -0.00012500000000089794
0.005899999999999928, 0.0 1.8056667272503546e-12 9.028333636251772e-13 -9.028333636251773e-16
0.0059099999999999275, 0.0 0.0 0.0 0.0
0.005919999999999927, 0.0 0.0 0.0 0.0
0.005929999999999927, 0.0 0.0 0.0 0.0
0.005939999999999926, 0.0 0.0 0.0 0.0
0.005949999999999926, 0.0 0.0 0.0 0.0
0.005959999999999925, 0.0 0.0 0.0 0.0
0.005969999999999925, 0.0 0.0 0.0 0.0
0.005979999999999925, 0.0 0.0 0.0 0.0
0.005989999999999924, 0.0 0.0 0.0 0.0
0.005999999999999924, 0.0 0.0 0.0 0.0
0.006009999999999923, 0.0 0.24999999999808162 0.12499999999904081 -0.0001249999999990408
0.006019999999999923, 0.0 0.49999999999807143 0.24999999999903572 -0.0002499999999990357
0.006029999999999923, 0.0 0.7499999999980612 0.3749999999990306 -0.0003749999999990306
0.006039999999999922, 0.0 0.9999999999980511 0.4999999999990255 -0.0004999999999990255
0.006049999999999922, 0.0 1.249999999998041 0.6249999999990205 -0.0006249999999990204
0.006059999999999921, 0.0 1.4999999999980307 0.7499999999990153 -0.0007499999999990153
0.006069999999999921, 0.0 1.7499999999980203 0.8749999999990101 -0.0008749999999990101
0.0060799999999999205, 0.0 1.9999999999980103 0.9999999999990051 -0.0009999999999990052
0.00608999999999992, 0.0 2.249999999998 1.124999999999 -0.0011249999999989998
0.00609999999999992, 0.0 2.49999999999799 1.249999999998995 -0.001249999999998995
0.006109999999999919, 0.0 2.7499999999979794 1.3749999999989897 -0.0013749999999989897
0.006119999999999919, 0.0 2.999999999997969 1.4999999999989846 -0.0014999999999989846
0.0061299999999999185, 0.0 3.249999999997959 1.6249999999989795 -0.0016249999999989795
0.006139999999999918, 0.0 3.499999999997949 1.7499999999989746 -0.0017499999999989746
0.006149999999999918, 0.0 3.749999999997939 1.8749999999989695 -0.0018749999999989695
0.006159999999999917, 0.0 3.9999999999979288 1.9999999999989644 -0.0019999999999989644
0.006169999999999917, 0.0 4.249999999997918 2.124999999998959 -0.002124999999998959
0.0061799999999999165, 0.0 4.499999999997908 2.249999999998954 -0.0022499999999989542
0.006189999999999916, 0.0 4.749999999997899 2.3749999999989493 -0.002374999999998949
0.006199999999999916, 0.0 4.999999999997888 2.499999999998944 -0.002499999999998944
0.006209999999999915, 0.0 5.0 2.5 -0.0025
0.006219999999999915, 0.0 5.0 2.5 -0.0025
0.006229999999999914, 0.0 5.0 2.5 -0.0025
0.006239999999999914, 0.0 5.0 2.5 -0.0025
0.006249999999999914, 0.0 5.0 2.5 -0.0025
0.006259999999999913, 0.0 5.0 2.5 -0.0025
0.006269999999999913, 0.0 5.0 2.5 -0.0025
0.006279999999999912, 0.0 5.0 2.5 -0.0025
0.006289999999999912, 0.0 5.0 2.5 -0.0025
0.006299999999999912, 0.0 5.0 2.5 -0.0025
0.006309999999999911, 0.0 5.0 2.5 -0.0025
0.006319999999999911, 0.0 5.0 2.5 -0.0025
0.00632999999999991, 0.0 5.0 2.5 -0.0025
0.00633999999999991, 0.0 5.0 2.5 -0.0025
0.0063499999999999095, 0.0 5.0 2.5 -0.0025
0.006359999999999909, 0.0 5.0 2.5 -0.0025
0.006369999999999909, 0.0 5.0 2.5 -0.0025
0.006379999999999908, 0.0 5.0 2.5 -0.0025
0.006389999999999908, 0.0 5.0 2.5 -0.0025
0.0063999999999999075, 0.0 5.0 2.5 -0.0025
0.006409999999999907, 0.0 5.0 2.5 -0.0025
0.006419999999999907, 0.0 5.0 2.5 -0.0025
0.006429999999999906, 0.0 5.0 2.5 -0.0025
0.006439999999999906, 0.0 5.0 2.5 -0.0025
0.0064499999999999055, 0.0 5.0 2.5 -0.0025
0.006459999999999905, 0.0 5.0 2.5 -0.0025
0.006469999999999905, 0.0 5.0 2.5 -0.0025
0.006479999999999904, 0.0 5.0 2.5 -0.0025
0.006489999999999904, 0.0 5.0 2.5 -0.0025
0.006499999999999903, 0.0 5.0 2.5 -0.0025
0.006509999999999903, 0.0 5.0 2.5 -0.0025
0.006519999999999903, 0.0 5.0 2.5 -0.0025
0.006529999999999902, 0.0 5.0 2.5 -0.0025
0.006539999999999902, 0.0 5.0 2.5 -0.0025
0.006549999999999901, 0.0 5.0 2.5 -0.0025
0.006559999999999901, 0.0 5.0 2.5 -0.0025
0.006569999999999901, 0.0 5.0 2.5 -0.0025
0.0065799999999999, 0.0 5.0 2.5 -0.0025
0.0065899999999999, 0.0 5.0 2.5 -0.0025
0.006599999999999899, 0.0 5.0 2.5 -0.0025
0.006609999999999899, 0.0 5.0 2.5 -0.0025
0.0066199999999998985, 0.0 5.0 2.5 -0.0025
0.006629999999999898, 0.0 5.0 2.5 -0.0025
0.006639999999999898, 0.0 5.0 2.5 -0.0025
0.006649999999999897, 0.0 5.0 2.5 -0.0025
0.006659999999999897, 0.0 5.0 2.5 -0.0025
0.0066699999999998965, 0.0 5.0 2.5 -0.0025
0.006679999999999896, 0.0 5.0 2.5 -0.0025
0.006689999999999896, 0.0 5.0 2.5 -0.0025
0.006699999999999895, 0.0 5.0 2.5 -0.0025
0.006709999999999895, 0.0 4.750000000002632 2.375000000001316 -0.0023750000000013157
0.0067199999999998945, 0.0 4.500000000002641 2.2500000000013207 -0.002250000000001321
0.006729999999999894, 0.0 4.250000000002652 2.125000000001326 -0.002125000000001326
0.006739999999999894, 0.0 4.000000000002662 2.000000000001331 -0.002000000000001331
0.006749999999999893, 0.0 3.750000000002672 1.875000000001336 -0.001875000000001336
0.006759999999999893, 0.0 3.5000000000026823 1.7500000000013411 -0.0017500000000013412
0.006769999999999892, 0.0 3.2500000000026925 1.6250000000013463 -0.0016250000000013463
0.006779999999999892, 0.0 3.0000000000027027 1.5000000000013514 -0.0015000000000013514
0.006789999999999892, 0.0 2.750000000002713 1.3750000000013565 -0.0013750000000013565
0.006799999999999891, 0.0 2.500000000002723 1.2500000000013616 -0.0012500000000013616
0.006809999999999891, 0.0 2.250000000002733 1.1250000000013665 -0.0011250000000013664
0.00681999999999989, 0.0 2.0000000000027436 1.0000000000013718 -0.0010000000000013718
0.00682999999999989, 0.0 1.7500000000027538 0.8750000000013769 -0.000875000000001377
0.00683999999999989, 0.0 1.5000000000027636 0.7500000000013818 -0.0007500000000013818
0.006849999999999889, 0.0 1.2500000000027738 0.6250000000013869 -0.0006250000000013869
0.006859999999999889, 0.0 1.0000000000027844 0.5000000000013922 -0.0005000000000013922
0.006869999999999888, 0.0 0.7500000000027942 0.3750000000013971 -0.0003750000000013971
0.006879999999999888, 0.0 0.5000000000028049 0.25000000000140243 -0.0002500000000014024
0.0068899999999998875, 0.0 0.25000000000281464 0.12500000000140732 -0.00012500000000140732
0.006899999999999887, 0.0 2.8252955530660984e-12 1.4126477765330492e-12 -1.4126477765330492e-15
0.006909999999999887, 0.0 0.0 0.0 0.0
0.006919999999999886, 0.0 0.0 0.0 0.0
0.006929999999999886, 0.0 0.0 0.0 0.0
0.0069399999999998855, 0.0 0.0 0.0 0.0
0.006949999999999885, 0.0 0.0 0.0 0.0
0.006959999999999885, 0.0 0.0 0.0 0.0
0.006969999999999884, 0.0 0.0 0.0 0.0
0.006979999999999884, 0.0 0.0 0.0 0.0
0.0069899999999998835, 0.0 0.0 0.0 0.0
0.006999999999999883, 0.0 0.0 0.0 0.0
0.007009999999999883, 0.0 0.24999999999706246 0.12499999999853123 -0.00012499999999853123
0.007019999999999882, 0.0 0.49999999999705225 0.24999999999852612 -0.00024999999999852614
0.007029999999999882, 0.0 0.749999999997042 0.374999999998521 -0.00037499999999852105
0.007039999999999881, 0.0 0.9999999999970319 0.49999999999851596 -0.000499999999998516
0.007049999999999881, 0.0 1.2499999999970217 0.6249999999985109 -0.0006249999999985109
0.007059999999999881, 0.0 1.4999999999970115 0.7499999999985058 -0.0007499999999985058
0.00706999999999988, 0.0 1.749999999997001 0.8749999999985005 -0.0008749999999985006
0.00707999999999988, 0.0 1.999999999996991 0.9999999999984955 -0.0009999999999984956
0.007089999999999879, 0.0 2.2499999999969806 1.1249999999984903 -0.0011249999999984903
0.007099999999999879, 0.0 2.499999999996971 1.2499999999984854 -0.0012499999999984854
0.007109999999999879, 0.0 2.7499999999969607 1.3749999999984803 -0.0013749999999984803
0.007119999999999878, 0.0 2.99999999999695 1.499999999998475 -0.001499999999998475
0.007129999999999878, 0.0 3.2499999999969402 1.6249999999984701 -0.0016249999999984701
0.007139999999999877, 0.0 3.49999999999693 1.749999999998465 -0.001749999999998465
0.007149999999999877, 0.0 3.74999999999692 1.87499999999846 -0.00187499999999846
0.0071599999999998765, 0.0 3.999999999996909 1.9999999999984543 -0.0019999999999984544
0.007169999999999876, 0.0 4.249999999996899 2.1249999999984497 -0.0021249999999984497
0.007179999999999876, 0.0 4.49999999999689 2.249999999998445 -0.0022499999999984447
0.007189999999999875, 0.0 4.749999999996879 2.3749999999984395 -0.0023749999999984396
0.007199999999999875, 0.0 4.999999999996868 2.499999999998434 -0.002499999999998434
0.0072099999999998745, 0.0 5.0 2.5 -0.0025
0.007219999999999874, 0.0 5.0 2.5 -0.0025
0.007229999999999874, 0.0 5.0 2.5 -0.0025
0.007239999999999873, 0.0 5.0 2.5 -0.0025
0.007249999999999873, 0.0 5.0 2.5 -0.0025
0.0072599999999998725, 0.0 5.0 2.5 -0.0025
0.007269999999999872, 0.0 5.0 2.5 -0.0025
0.007279999999999872, 0.0 5.0 2.5 -0.0025
0.007289999999999871, 0.0 5.0 2.5 -0.0025
0.007299999999999871, 0.0 5.0 2.5 -0.0025
0.00730999999999987, 0.0 5.0 2.5 -0.0025
0.00731999999999987, 0.0 5.0 2.5 -0.0025
0.00732999999999987, 0.0 5.0 2.5 -0.0025
0.007339999999999869, 0.0 5.0 2.5 -0.0025
0.007349999999999869, 0.0 5.0 2.5 -0.0025
0.007359999999999868, 0.0 5.0 2.5 -0.0025
0.007369999999999868, 0.0 5.0 2.5 -0.0025
0.007379999999999868, 0.0 5.0 2.5 -0.0025
0.007389999999999867, 0.0 5.0 2.5 -0.0025
0.007399999999999867, 0.0 5.0 2.5 -0.0025
0.007409999999999866, 0.0 5.0 2.5 -0.0025
0.007419999999999866, 0.0 5.0 2.5 -0.0025
0.0074299999999998655, 0.0 5.0 2.5 -0.0025
0.007439999999999865, 0.0 5.0 2.5 -0.0025
0.007449999999999865, 0.0 5.0 2.5 -0.0025
0.007459999999999864, 0.0 5.0 2.5 -0.0025
0.007469999999999864, 0.0 5.0 2.5 -0.0025
0.0074799999999998635, 0.0 5.0 2.5 -0.0025
0.007489999999999863, 0.0 5.0 2.5 -0.0025
0.007499999999999863, 0.0 5.0 2.5 -0.0025
0.007509999999999862, 0.0 5.0 2.5 -0.0025
0.007519999999999862, 0.0 5.0 2.5 -0.0025
0.0075299999999998615, 0.0 5.0 2.5 -0.0025
0.007539999999999861, 0.0 5.0 2.5 -0.0025
0.007549999999999861, 0.0 5.0 2.5 -0.0025
0.00755999999999986, 0.0 5.0 2.5 -0.0025
0.00756999999999986, 0.0 5.0 2.5 -0.0025
0.007579999999999859, 0.0 5.0 2.5 -0.0025
0.007589999999999859, 0.0 5.0 2.5 -0.0025
0.007599999999999859, 0.0 5.0 2.5 -0.0025
0.007609999999999858, 0.0 5.0 2.5 -0.0025
0.007619999999999858, 0.0 5.0 2.5 -0.0025
0.007629999999999857, 0.0 5.0 2.5 -0.0025
0.007639999999999857, 0.0 5.0 2.5 -0.0025
0.007649999999999857, 0.0 5.0 2.5 -0.0025
0.007659999999999856, 0.0 5.0 2.5 -0.0025
0.007669999999999856, 0.0 5.0 2.5 -0.0025
0.007679999999999855, 0.0 5.0 2.5 -0.0025
0.007689999999999855, 0.0 5.0 2.5 -0.0025
0.0076999999999998545, 0.0 5.0 2.5 -0.0025
0.007709999999999854, 0.0 4.75000000000365 2.375000000001825 -0.0023750000000018253
0.007719999999999854, 0.0 4.50000000000366 2.25000000000183 -0.00225000000000183
0.007729999999999853, 0.0 4.250000000003671 2.1250000000018354 -0.0021250000000018355
0.007739999999999853, 0.0 4.000000000003681 2.0000000000018403 -0.00200000000000184
0.0077499999999998525, 0.0 3.7500000000036913 1.8750000000018456 -0.0018750000000018457
0.007759999999999852, 0.0 3.500000000003701 1.7500000000018505 -0.0017500000000018506
0.007769999999999852, 0.0 3.2500000000037117 1.6250000000018558 -0.0016250000000018559
0.007779999999999851, 0.0 3.000000000003722 1.500000000001861 -0.001500000000001861
0.007789999999999851, 0.0 2.750000000003732 1.375000000001866 -0.001375000000001866
0.0077999999999998505, 0.0 2.5000000000037423 1.2500000000018712 -0.0012500000000018711
0.00780999999999985, 0.0 2.2500000000037526 1.1250000000018763 -0.0011250000000018762
0.00781999999999985, 0.0 2.0000000000037628 1.0000000000018814 -0.0010000000000018813
0.00782999999999985, 0.0 1.750000000003773 0.8750000000018865 -0.0008750000000018865
0.007839999999999849, 0.0 1.5000000000037828 0.7500000000018914 -0.0007500000000018914
0.007849999999999848, 0.0 1.250000000003793 0.6250000000018965 -0.0006250000000018965
0.007859999999999848, 0.0 1.0000000000038032 0.5000000000019016 -0.0005000000000019016
0.007869999999999848, 0.0 0.7500000000038138 0.3750000000019069 -0.0003750000000019069
0.007879999999999847, 0.0 0.5000000000038245 0.25000000000191225 -0.00025000000000191227
0.007889999999999847, 0.0 0.2500000000038334 0.1250000000019167 -0.00012500000000191668
0.007899999999999846, 0.0 3.844036200462142e-12 1.922018100231071e-12 -1.922018100231071e-15
0.007909999999999846, 0.0 0.0 0.0 0.0
0.007919999999999846, 0.0 0.0 0.0 0.0
0.007929999999999845, 0.0 0.0 0.0 0.0
0.007939999999999845, 0.0 0.0 0.0 0.0
0.007949999999999844, 0.0 0.0 0.0 0.0
0.007959999999999844, 0.0 0.0 0.0 0.0
0.007969999999999844, 0.0 0.0 0.0 0.0
0.007979999999999843, 0.0 0.0 0.0 0.0
0.007989999999999843, 0.0 0.0 0.0 0.0
0.007999999999999842, 0.0 0.0 0.0 0.0
0.008009999999999842, 0.0 0.24999999999604333 0.12499999999802165 -0.00012499999999802166
0.008019999999999841, 0.0 0.4999999999960331 0.24999999999801656 -0.00024999999999801657
0.008029999999999841, 0.0 0.7499999999960228 0.3749999999980114 -0.0003749999999980114
0.00803999999999984, 0.0 0.9999999999960127 0.4999999999980064 -0.0004999999999980064
0.00804999999999984, 0.0 1.2499999999960025 0.6249999999980013 -0.0006249999999980013
0.00805999999999984, 0.0 1.4999999999959923 0.7499999999979962 -0.0007499999999979962
0.00806999999999984, 0.0 1.7499999999959819 0.8749999999979909 -0.000874999999997991
0.008079999999999839, 0.0 1.9999999999959719 0.9999999999979859 -0.000999999999997986
0.008089999999999839, 0.0 2.2499999999959615 1.1249999999979807 -0.0011249999999979807
0.008099999999999838, 0.0 2.4999999999959517 1.2499999999979758 -0.0012499999999979758
0.008109999999999838, 0.0 2.749999999995941 1.3749999999979705 -0.0013749999999979705
0.008119999999999837, 0.0 2.999999999995931 1.4999999999979654 -0.0014999999999979654
0.008129999999999837, 0.0 3.249999999995921 1.6249999999979605 -0.0016249999999979605
0.008139999999999837, 0.0 3.499999999995911 1.7499999999979554 -0.0017499999999979554
0.008149999999999836, 0.0 3.7499999999959006 1.8749999999979503 -0.0018749999999979504
0.008159999999999836, 0.0 3.9999999999958904 1.9999999999979452 -0.0019999999999979453
0.008169999999999835, 0.0 4.249999999995881 2.1249999999979403 -0.00212499999999794
0.008179999999999835, 0.0 4.49999999999587 2.249999999997935 -0.002249999999997935
0.008189999999999835, 0.0 4.749999999995859 2.3749999999979297 -0.0023749999999979295
0.008199999999999834, 0.0 4.9999999999958495 2.4999999999979248 -0.002499999999997925
0.008209999999999834, 0.0 5.0 2.5 -0.0025
0.008219999999999833, 0.0 5.0 2.5 -0.0025
0.008229999999999833, 0.0 5.0 2.5 -0.0025
0.008239999999999833, 0.0 5.0 2.5 -0.0025
0.008249999999999832, 0.0 5.0 2.5 -0.0025
0.008259999999999832, 0.0 5.0 2.5 -0.0025
0.008269999999999831, 0.0 5.0 2.5 -0.0025
0.008279999999999831, 0.0 5.0 2.5 -0.0025
0.00828999999999983, 0.0 5.0 2.5 -0.0025
0.00829999999999983, 0.0 5.0 2.5 -0.0025
0.00830999999999983, 0.0 5.0 2.5 -0.0025
0.00831999999999983, 0.0 5.0 2.5 -0.0025
0.008329999999999829, 0.0 5.0 2.5 -0.0025
0.008339999999999828, 0.0 5.0 2.5 -0.0025
0.008349999999999828, 0.0 5.0 2.5 -0.0025
0.008359999999999828, 0.0 5.0 2.5 -0.0025
0.008369999999999827, 0.0 5.0 2.5 -0.0025
0.008379999999999827, 0.0 5.0 2.5 -0.0025
0.008389999999999826, 0.0 5.0 2.5 -0.0025
0.008399999999999826, 0.0 5.0 2.5 -0.0025
0.008409999999999826, 0.0 5.0 2.5 -0.0025
0.008419999999999825, 0.0 5.0 2.5 -0.0025
0.008429999999999825, 0.0 5.0 2.5 -0.0025
0.008439999999999824, 0.0 5.0 2.5 -0.0025
0.008449999999999824, 0.0 5.0 2.5 -0.0025
0.008459999999999824, 0.0 5.0 2.5 -0.0025
0.008469999999999823, 0.0 5.0 2.5 -0.0025
0.008479999999999823, 0.0 5.0 2.5 -0.0025
0.008489999999999822, 0.0 5.0 2.5 -0.0025
0.008499999999999822, 0.0 5.0 2.5 -0.0025
0.008509999999999822, 0.0 5.0 2.5 -0.0025
0.008519999999999821, 0.0 5.0 2.5 -0.0025
0.00852999999999982, 0.0 5.0 2.5 -0.0025
0.00853999999999982, 0.0 5.0 2.5 -0.0025
0.00854999999999982, 0.0 5.0 2.5 -0.0025
0.00855999999999982, 0.0 5.0 2.5 -0.0025
0.008569999999999819, 0.0 5.0 2.5 -0.0025
0.008579999999999819, 0.0 5.0 2.5 -0.0025
0.008589999999999818, 0.0 5.0 2.5 -0.0025
0.008599999999999818, 0.0 5.0 2.5 -0.0025
0.008609999999999817, 0.0 5.0 2.5 -0.0025
0.008619999999999817, 0.0 5.0 2.5 -0.0025
0.008629999999999817, 0.0 5.0 2.5 -0.0025
0.008639999999999816, 0.0 5.0 2.5 -0.0025
0.008649999999999816, 0.0 5.0 2.5 -0.0025
0.008659999999999815, 0.0 5.0 2.5 -0.0025
0.008669999999999815, 0.0 5.0 2.5 -0.0025
0.008679999999999815, 0.0 5.0 2.5 -0.0025
0.008689999999999814, 0.0 5.0 2.5 -0.0025
0.008699999999999814, 0.0 5.0 2.5 -0.0025
0.008709999999999813, 0.0 4.750000000004669 2.3750000000023346 -0.0023750000000023344
0.008719999999999813, 0.0 4.50000000000468 2.25000000000234 -0.00225000000000234
0.008729999999999813, 0.0 4.25000000000469 2.125000000002345 -0.0021250000000023446
0.008739999999999812, 0.0 4.0000000000047 2.00000000000235 -0.00200000000000235
0.008749999999999812, 0.0 3.7500000000047105 1.8750000000023552 -0.0018750000000023553
0.008759999999999811, 0.0 3.5000000000047207 1.7500000000023603 -0.0017500000000023603
0.008769999999999811, 0.0 3.250000000004731 1.6250000000023654 -0.0016250000000023654
0.00877999999999981, 0.0 3.000000000004741 1.5000000000023705 -0.0015000000000023705
0.00878999999999981, 0.0 2.7500000000047513 1.3750000000023757 -0.0013750000000023756
0.00879999999999981, 0.0 2.5000000000047615 1.2500000000023808 -0.0012500000000023807
0.00880999999999981, 0.0 2.2500000000047713 1.1250000000023856 -0.0011250000000023856
0.008819999999999809, 0.0 2.000000000004782 1.000000000002391 -0.001000000000002391
0.008829999999999808, 0.0 1.7500000000047922 0.8750000000023961 -0.0008750000000023961
0.008839999999999808, 0.0 1.500000000004802 0.750000000002401 -0.000750000000002401
0.008849999999999808, 0.0 1.2500000000048122 0.6250000000024061 -0.0006250000000024061
0.008859999999999807, 0.0 1.0000000000048228 0.5000000000024114 -0.0005000000000024114
0.008869999999999807, 0.0 0.7500000000048326 0.3750000000024163 -0.0003750000000024163
0.008879999999999806, 0.0 0.5000000000048423 0.2500000000024212 -0.0002500000000024212
0.008889999999999806, 0.0 0.250000000004853 0.1250000000024265 -0.0001250000000024265
0.008899999999999806, 0.0 4.863665026277886e-12 2.431832513138943e-12 -2.431832513138943e-15
0.008909999999999805, 0.0 0.0 0.0 0.0
0.008919999999999805, 0.0 0.0 0.0 0.0
0.008929999999999804, 0.0 0.0 0.0 0.0
0.008939999999999804, 0.0 0.0 0.0 0.0
0.008949999999999804, 0.0 0.0 0.0 0.0
0.008959999999999803, 0.0 0.0 0.0 0.0
0.008969999999999803, 0.0 0.0 0.0 0.0
0.008979999999999802, 0.0 0.0 0.0 0.0
0.008989999999999802, 0.0 0.0 0.0 0.0
0.008999999999999802, 0.0 0.0 0.0 0.0
0.009009999999999801, 0.0 0.24999999999502417 0.12499999999751209 -0.00012499999999751208
0.0090199999999998, 0.0 0.49999999999501393 0.249999999997507 -0.000249999999997507
0.0090299999999998, 0.0 0.7499999999950037 0.37499999999750183 -0.00037499999999750184
0.0090399999999998, 0.0 0.9999999999949936 0.4999999999974968 -0.0004999999999974968
0.0090499999999998, 0.0 1.2499999999949833 0.6249999999974917 -0.0006249999999974917
0.009059999999999799, 0.0 1.4999999999949731 0.7499999999974866 -0.0007499999999974866
0.009069999999999799, 0.0 1.7499999999949631 0.8749999999974816 -0.0008749999999974816
0.009079999999999798, 0.0 1.9999999999949527 0.9999999999974765 -0.0009999999999974764
0.009089999999999798, 0.0 2.2499999999949423 1.1249999999974711 -0.0011249999999974711
0.009099999999999797, 0.0 2.4999999999949325 1.2499999999974662 -0.0012499999999974662
0.009109999999999797, 0.0 2.7499999999949223 1.3749999999974611 -0.0013749999999974612
0.009119999999999797, 0.0 2.9999999999949116 1.4999999999974558 -0.0014999999999974558
0.009129999999999796, 0.0 3.249999999994902 1.624999999997451 -0.001624999999997451
0.009139999999999796, 0.0 3.4999999999948916 1.7499999999974458 -0.0017499999999974459
0.009149999999999795, 0.0 3.7499999999948814 1.8749999999974407 -0.0018749999999974408
0.009159999999999795, 0.0 3.9999999999948708 1.9999999999974352 -0.0019999999999974353
0.009169999999999795, 0.0 4.249999999994861 2.1249999999974305 -0.0021249999999974306
0.009179999999999794, 0.0 4.499999999994851 2.2499999999974256 -0.0022499999999974255
0.009189999999999794, 0.0 4.749999999994841 2.3749999999974203 -0.0023749999999974204
0.009199999999999793, 0.0 4.99999999999483 2.499999999997415 -0.002499999999997415
0.009209999999999793, 0.0 5.0 2.5 -0.0025
0.009219999999999793, 0.0 5.0 2.5 -0.0025
0.009229999999999792, 0.0 5.0 2.5 -0.0025
0.009239999999999792, 0.0 5.0 2.5 -0.0025
0.009249999999999791, 0.0 5.0 2.5 -0.0025
0.009259999999999791, 0.0 5.0 2.5 -0.0025
0.00926999999999979, 0.0 5.0 2.5 -0.0025
0.00927999999999979, 0.0 5.0 2.5 -0.0025
0.00928999999999979, 0.0 5.0 2.5 -0.0025
0.00929999999999979, 0.0 5.0 2.5 -0.0025
0.009309999999999789, 0.0 5.0 2.5 -0.0025
0.009319999999999789, 0.0 5.0 2.5 -0.0025
0.009329999999999788, 0.0 5.0 2.5 -0.0025
0.009339999999999788, 0.0 5.0 2.5 -0.0025
0.009349999999999787, 0.0 5.0 2.5 -0.0025
0.009359999999999787, 0.0 5.0 2.5 -0.0025
0.009369999999999786, 0.0 5.0 2.5 -0.0025
0.009379999999999786, 0.0 5.0 2.5 -0.0025
0.009389999999999786, 0.0 5.0 2.5 -0.0025
0.009399999999999785, 0.0 5.0 2.5 -0.0025
0.009409999999999785, 0.0 5.0 2.5 -0.0025
0.009419999999999784, 0.0 5.0 2.5 -0.0025
0.009429999999999784, 0.0 5.0 2.5 -0.0025
0.009439999999999784, 0.0 5.0 2.5 -0.0025
0.009449999999999783, 0.0 5.0 2.5 -0.0025
0.009459999999999783, 0.0 5.0 2.5 -0.0025
0.009469999999999782, 0.0 5.0 2.5 -0.0025
0.009479999999999782, 0.0 5.0 2.5 -0.0025
0.009489999999999782, 0.0 5.0 2.5 -0.0025
0.009499999999999781, 0.0 5.0 2.5 -0.0025
0.00950999999999978, 0.0 5.0 2.5 -0.0025
0.00951999999999978, 0.0 5.0 2.5 -0.0025
0.00952999999999978, 0.0 5.0 2.5 -0.0025
0.00953999999999978, 0.0 5.0 2.5 -0.0025
0.00954999999999978, 0.0 5.0 2.5 -0.0025
0.009559999999999779, 0.0 5.0 2.5 -0.0025
0.009569999999999778, 0.0 5.0 2.5 -0.0025
0.009579999999999778, 0.0 5.0 2.5 -0.0025
0.009589999999999778, 0.0 5.0 2.5 -0.0025
0.009599999999999777, 0.0 5.0 2.5 -0.0025
0.009609999999999777, 0.0 5.0 2.5 -0.0025
0.009619999999999776, 0.0 5.0 2.5 -0.0025
0.009629999999999776, 0.0 5.0 2.5 -0.0025
0.009639999999999775, 0.0 5.0 2.5 -0.0025
0.009649999999999775, 0.0 5.0 2.5 -0.0025
0.009659999999999775, 0.0 5.0 2.5 -0.0025
0.009669999999999774, 0.0 5.0 2.5 -0.0025
0.009679999999999774, 0.0 5.0 2.5 -0.0025
0.009689999999999773, 0.0 5.0 2.5 -0.0025
0.009699999999999773, 0.0 5.0 2.5 -0.0025
0.009709999999999773, 0.0 4.750000000005689 2.3750000000028444 -0.0023750000000028445
0.009719999999999772, 0.0 4.5000000000056986 2.2500000000028493 -0.002250000000002849
0.009729999999999772, 0.0 4.250000000005709 2.1250000000028546 -0.0021250000000028546
0.009739999999999771, 0.0 4.000000000005719 2.0000000000028595 -0.0020000000000028597
0.009749999999999771, 0.0 3.7500000000057296 1.8750000000028648 -0.0018750000000028648
0.00975999999999977, 0.0 3.5000000000057394 1.7500000000028697 -0.0017500000000028697
0.00976999999999977, 0.0 3.25000000000575 1.625000000002875 -0.001625000000002875
0.00977999999999977, 0.0 3.00000000000576 1.50000000000288 -0.0015000000000028799
0.00978999999999977, 0.0 2.7500000000057705 1.3750000000028852 -0.0013750000000028852
0.009799999999999769, 0.0 2.5000000000057803 1.2500000000028901 -0.00125000000000289
0.009809999999999769, 0.0 2.250000000005791 1.1250000000028955 -0.0011250000000028954
0.009819999999999768, 0.0 2.000000000005801 1.0000000000029006 -0.0010000000000029007
0.009829999999999768, 0.0 1.7500000000058114 0.8750000000029057 -0.0008750000000029057
0.009839999999999767, 0.0 1.5000000000058211 0.7500000000029106 -0.0007500000000029106
0.009849999999999767, 0.0 1.2500000000058313 0.6250000000029157 -0.0006250000000029156
0.009859999999999767, 0.0 1.0000000000058415 0.5000000000029208 -0.0005000000000029207
0.009869999999999766, 0.0 0.7500000000058522 0.3750000000029261 -0.0003750000000029261
0.009879999999999766, 0.0 0.500000000005862 0.250000000002931 -0.000250000000002931
0.009889999999999765, 0.0 0.25000000000587264 0.12500000000293632 -0.00012500000000293632
0.009899999999999765, 0.0 5.8824056736739294e-12 2.9412028368369647e-12 -2.941202836836965e-15
0.009909999999999764, 0.0 0.0 0.0 0.0
0.009919999999999764, 0.0 0.0 0.0 0.0
0.009929999999999764, 0.0 0.0 0.0 0.0
0.009939999999999763, 0.0 0.0 0.0 0.0
0.009949999999999763, 0.0 0.0 0.0 0.0
0.009959999999999762, 0.0 0.0 0.0 0.0
0.009969999999999762, 0.0 0.0 0.0 0.0
0.009979999999999762, 0.0 0.0 0.0 0.0
0.009989999999999761, 0.0 0.0 0.0 0.0
0.00999999999999976, 0.0 0.0 0.0 0.0
