0.0, 0.0 6.0 3.0 -0.003
1e-08, 0.0 6.0 3.0 -0.003
1.001e-05, 0.0 6.0 3.0 -0.003
2.001e-05, 0.0 6.0 3.0 -0.003
3.001e-05, 0.0 6.0 3.0 -0.003
4.001e-05, 0.0 6.0 3.0 -0.003
5.001e-05, 0.0 6.0 3.0 -0.003
6.0009999999999996e-05, 0.0 6.0 3.0 -0.003
7.001e-05, 0.0 6.0 3.0 -0.003
8.001e-05, 0.0 6.0 3.0 -0.003
9.001e-05, 0.0 6.0 3.0 -0.003
0.00010001, 0.0 6.0 3.0 -0.003
0.00011001, 0.0 6.0 3.0 -0.003
0.00012001, 0.0 6.0 3.0 -0.003
0.00013001, 0.0 6.0 3.0 -0.003
0.00014001, 0.0 6.0 3.0 -0.003
0.00015001, 0.0 6.0 3.0 -0.003
0.00016001, 0.0 6.0 3.0 -0.003
0.00017001, 0.0 6.0 3.0 -0.003
0.00018001, 0.0 6.0 3.0 -0.003
0.00019001, 0.0 6.0 3.0 -0.003
0.00020001, 0.0 6.0 3.0 -0.003
0.00021001, 0.0 6.0 3.0 -0.003
0.00022001, 0.0 6.0 3.0 -0.003
0.00023001, 0.0 6.0 3.0 -0.003
0.00024001, 0.0 6.0 3.0 -0.003
0.00025001, 0.0 6.0 3.0 -0.003
0.00026001, 0.0 6.0 3.0 -0.003
0.00027001000000000005, 0.0 6.0 3.0 -0.003
0.0002800100000000001, 0.0 6.0 3.0 -0.003
0.0002900100000000001, 0.0 6.0 3.0 -0.003
0.00030001000000000013, 0.0 6.0 3.0 -0.003
0.00031001000000000016, 0.0 6.0 3.0 -0.003
0.0003200100000000002, 0.0 6.0 3.0 -0.003
0.0003300100000000002, 0.0 6.0 3.0 -0.003
0.00034001000000000024, 0.0 6.0 3.0 -0.003
0.00035001000000000026, 0.0 6.0 3.0 -0.003
0.0003600100000000003, 0.0 6.0 3.0 -0.003
0.0003700100000000003, 0.0 6.0 3.0 -0.003
0.00038001000000000034, 0.0 6.0 3.0 -0.003
0.00039001000000000037, 0.0 6.0 3.0 -0.003
0.0004000100000000004, 0.0 6.0 3.0 -0.003
0.0004100100000000004, 0.0 6.0 3.0 -0.003
0.00042001000000000045, 0.0 6.0 3.0 -0.003
0.00043001000000000047, 0.0 6.0 3.0 -0.003
0.0004400100000000005, 0.0 6.0 3.0 -0.003
0.0004500100000000005, 0.0 6.0 3.0 -0.003
0.00046001000000000055, 0.0 6.0 3.0 -0.003
0.0004700100000000006, 0.0 6.0 3.0 -0.003
0.0004800100000000006, 0.0 6.0 3.0 -0.003
0.0004900100000000006, 0.0 6.0 3.0 -0.003
0.0005000100000000006, 0.0 6.0 3.0 -0.003
0.0005100100000000006, 0.0 6.0 3.0 -0.003
0.0005200100000000007, 0.0 6.0 3.0 -0.003
0.0005300100000000007, 0.0 6.0 3.0 -0.003
0.0005400100000000007, 0.0 6.0 3.0 -0.003
0.0005500100000000007, 0.0 6.0 3.0 -0.003
0.0005600100000000008, 0.0 6.0 3.0 -0.003
0.0005700100000000008, 0.0 6.0 3.0 -0.003
0.0005800100000000008, 0.0 6.0 3.0 -0.003
0.0005900100000000008, 0.0 6.0 3.0 -0.003
0.0006000100000000009, 0.0 6.0 3.0 -0.003
0.0006100100000000009, 0.0 6.0 3.0 -0.003
0.0006200100000000009, 0.0 6.0 3.0 -0.003
0.0006300100000000009, 0.0 6.0 3.0 -0.003
0.000640010000000001, 0.0 6.0 3.0 -0.003
0.000650010000000001, 0.0 6.0 3.0 -0.003
0.000660010000000001, 0.0 6.0 3.0 -0.003
0.000670010000000001, 0.0 6.0 3.0 -0.003
0.0006800100000000011, 0.0 6.0 3.0 -0.003
0.0006900100000000011, 0.0 6.0 3.0 -0.003
0.0007000100000000011, 0.0 6.0 3.0 -0.003
0.0007100100000000012, 0.0 6.0 3.0 -0.003
0.0007200100000000012, 0.0 6.0 3.0 -0.003
0.0007300100000000012, 0.0 6.0 3.0 -0.003
0.0007400100000000012, 0.0 6.0 3.0 -0.003
0.0007500100000000013, 0.0 6.0 3.0 -0.003
0.0007600100000000013, 0.0 6.0 3.0 -0.003
0.0007700100000000013, 0.0 6.0 3.0 -0.003
0.0007800100000000013, 0.0 6.0 3.0 -0.003
0.0007900100000000014, 0.0 6.0 3.0 -0.003
0.0008000100000000014, 0.0 6.0 3.0 -0.003
0.0008100100000000014, 0.0 6.0 3.0 -0.003
0.0008200100000000014, 0.0 6.0 3.0 -0.003
0.0008300100000000015, 0.0 6.0 3.0 -0.003
0.0008400100000000015, 0.0 6.0 3.0 -0.003
0.0008500100000000015, 0.0 6.0 3.0 -0.003
0.0008600100000000015, 0.0 6.0 3.0 -0.003
0.0008700100000000016, 0.0 6.0 3.0 -0.003
0.0008800100000000016, 0.0 6.0 3.0 -0.003
0.0008900100000000016, 0.0 6.0 3.0 -0.003
0.0009000100000000017, 0.0 6.0 3.0 -0.003
0.0009100100000000017, 0.0 6.0 3.0 -0.003
0.0009200100000000017, 0.0 6.0 3.0 -0.003
0.0009300100000000017, 0.0 6.0 3.0 -0.003
0.0009400100000000018, 0.0 6.0 3.0 -0.003
0.0009500100000000018, 0.0 6.0 3.0 -0.003
0.0009600100000000018, 0.0 6.0 3.0 -0.003
0.0009700100000000018, 0.0 6.0 3.0 -0.003
0.0009800100000000019, 0.0 6.0 3.0 -0.003
0.0009900100000000019, 0.0 6.0 3.0 -0.003
0.001000010000000002, 0.0 6.0 3.0 -0.003
0.001010010000000002, 0.0 6.0 3.0 -0.003
0.001020010000000002, 0.0 6.0 3.0 -0.003
0.001030010000000002, 0.0 6.0 3.0 -0.003
0.001040010000000002, 0.0 6.0 3.0 -0.003
0.001050010000000002, 0.0 6.0 3.0 -0.003
0.001060010000000002, 0.0 6.0 3.0 -0.003
0.001070010000000002, 0.0 6.0 3.0 -0.003
0.0010800100000000021, 0.0 6.0 3.0 -0.003
0.0010900100000000021, 0.0 6.0 3.0 -0.003
0.0011000100000000022, 0.0 6.0 3.0 -0.003
0.0011100100000000022, 0.0 6.0 3.0 -0.003
0.0011200100000000022, 0.0 6.0 3.0 -0.003
0.0011300100000000023, 0.0 6.0 3.0 -0.003
0.0011400100000000023, 0.0 6.0 3.0 -0.003
0.0011500100000000023, 0.0 6.0 3.0 -0.003
0.0011600100000000023, 0.0 6.0 3.0 -0.003
0.0011700100000000024, 0.0 6.0 3.0 -0.003
0.0011800100000000024, 0.0 6.0 3.0 -0.003
0.0011900100000000024, 0.0 6.0 3.0 -0.003
0.0012000100000000024, 0.0 6.0 3.0 -0.003
0.0012100100000000025, 0.0 6.0 3.0 -0.003
0.0012200100000000025, 0.0 6.0 3.0 -0.003
0.0012300100000000025, 0.0 6.0 3.0 -0.003
0.0012400100000000025, 0.0 6.0 3.0 -0.003
0.0012500100000000026, 0.0 6.0 3.0 -0.003
0.0012600100000000026, 0.0 6.0 3.0 -0.003
0.0012700100000000026, 0.0 6.0 3.0 -0.003
0.0012800100000000026, 0.0 6.0 3.0 -0.003
0.0012900100000000027, 0.0 6.0 3.0 -0.003
0.0013000100000000027, 0.0 6.0 3.0 -0.003
0.0013100100000000027, 0.0 6.0 3.0 -0.003
0.0013200100000000028, 0.0 6.0 3.0 -0.003
0.0013300100000000028, 0.0 6.0 3.0 -0.003
0.0013400100000000028, 0.0 6.0 3.0 -0.003
0.0013500100000000028, 0.0 6.0 3.0 -0.003
0.0013600100000000029, 0.0 6.0 3.0 -0.003
0.0013700100000000029, 0.0 6.0 3.0 -0.003
0.001380010000000003, 0.0 6.0 3.0 -0.003
0.001390010000000003, 0.0 6.0 3.0 -0.003
0.001400010000000003, 0.0 6.0 3.0 -0.003
0.001410010000000003, 0.0 6.0 3.0 -0.003
0.001420010000000003, 0.0 6.0 3.0 -0.003
0.001430010000000003, 0.0 6.0 3.0 -0.003
0.001440010000000003, 0.0 6.0 3.0 -0.003
0.001450010000000003, 0.0 6.0 3.0 -0.003
0.0014600100000000031, 0.0 6.0 3.0 -0.003
0.0014700100000000031, 0.0 6.0 3.0 -0.003
0.0014800100000000032, 0.0 6.0 3.0 -0.003
0.0014900100000000032, 0.0 6.0 3.0 -0.003
0.0015000100000000032, 0.0 6.0 3.0 -0.003
0.0015100100000000033, 0.0 6.0 3.0 -0.003
0.0015200100000000033, 0.0 6.0 3.0 -0.003
0.0015300100000000033, 0.0 6.0 3.0 -0.003
0.0015400100000000033, 0.0 6.0 3.0 -0.003
0.0015500100000000034, 0.0 6.0 3.0 -0.003
0.0015600100000000034, 0.0 6.0 3.0 -0.003
0.0015700100000000034, 0.0 6.0 3.0 -0.003
0.0015800100000000034, 0.0 6.0 3.0 -0.003
0.0015900100000000035, 0.0 6.0 3.0 -0.003
0.0016000100000000035, 0.0 6.0 3.0 -0.003
0.0016100100000000035, 0.0 6.0 3.0 -0.003
0.0016200100000000035, 0.0 6.0 3.0 -0.003
0.0016300100000000036, 0.0 6.0 3.0 -0.003
0.0016400100000000036, 0.0 6.0 3.0 -0.003
0.0016500100000000036, 0.0 6.0 3.0 -0.003
0.0016600100000000036, 0.0 6.0 3.0 -0.003
0.0016700100000000037, 0.0 6.0 3.0 -0.003
0.0016800100000000037, 0.0 6.0 3.0 -0.003
0.0016900100000000037, 0.0 6.0 3.0 -0.003
0.0017000100000000037, 0.0 6.0 3.0 -0.003
0.0017100100000000038, 0.0 6.0 3.0 -0.003
0.0017200100000000038, 0.0 6.0 3.0 -0.003
0.0017300100000000038, 0.0 6.0 3.0 -0.003
0.0017400100000000039, 0.0 6.0 3.0 -0.003
0.0017500100000000039, 0.0 6.0 3.0 -0.003
0.001760010000000004, 0.0 6.0 3.0 -0.003
0.001770010000000004, 0.0 6.0 3.0 -0.003
0.001780010000000004, 0.0 6.0 3.0 -0.003
0.001790010000000004, 0.0 6.0 3.0 -0.003
0.001800010000000004, 0.0 6.0 3.0 -0.003
0.001810010000000004, 0.0 6.0 3.0 -0.003
0.001820010000000004, 0.0 6.0 3.0 -0.003
0.001830010000000004, 0.0 6.0 3.0 -0.003
0.0018400100000000041, 0.0 6.0 3.0 -0.003
0.0018500100000000041, 0.0 6.0 3.0 -0.003
0.0018600100000000042, 0.0 6.0 3.0 -0.003
0.0018700100000000042, 0.0 6.0 3.0 -0.003
0.0018800100000000042, 0.0 6.0 3.0 -0.003
0.0018900100000000042, 0.0 6.0 3.0 -0.003
0.0019000100000000043, 0.0 6.0 3.0 -0.003
0.0019100100000000043, 0.0 6.0 3.0 -0.003
0.0019200100000000043, 0.0 6.0 3.0 -0.003
0.0019300100000000044, 0.0 6.0 3.0 -0.003
0.0019400100000000044, 0.0 6.0 3.0 -0.003
0.0019500100000000044, 0.0 6.0 3.0 -0.003
0.001960010000000004, 0.0 6.0 3.0 -0.003
0.0019700100000000042, 0.0 6.0 3.0 -0.003
0.0019800100000000043, 0.0 6.0 3.0 -0.003
0.0019900100000000043, 0.0 6.0 3.0 -0.003
0.0020000100000000043, 0.0 5.9999959901320015 2.9999979950660007 -0.002999997995066001
0.0020100100000000043, 0.0 5.986119422456468 2.993059711228234 -0.0029930597112282345
0.0020200100000000044, 0.0 5.9525996516058735 2.9762998258029367 -0.002976299825802937
0.0020300100000000044, 0.0 5.899600284445263 2.9498001422226316 -0.002949800142222632
0.0020400100000000044, 0.0 5.8273614943251735 2.9136807471625867 -0.0029136807471625867
0.0020500100000000045, 0.0 5.736198951423109 2.8680994757115545 -0.0028680994757115546
0.0020600100000000045, 0.0 5.626502457033605 2.8132512285168025 -0.0028132512285168024
0.0020700100000000045, 0.0 5.498734287666583 2.7493671438332914 -0.0027493671438332916
0.0020800100000000045, 0.0 5.353427255948846 2.676713627974423 -0.002676713627974423
0.0020900100000000046, 0.0 5.191182496429318 2.595591248214659 -0.002595591248214659
0.0021000100000000046, 0.0 5.012666985460702 2.506333492730351 -0.002506333492730351
0.0021100100000000046, 0.0 4.81861080536429 2.409305402682145 -0.002409305402682145
0.0021200100000000046, 0.0 4.609804164077024 2.304902082038512 -0.0023049020820385124
0.0021300100000000047, 0.0 4.387094182426253 2.1935470912131265 -0.0021935470912131266
0.0021400100000000047, 0.0 4.151381462074788 2.075690731037394 -0.002075690731037394
0.0021500100000000047, 0.0 3.9036164480230267 1.9518082240115133 -0.0019518082240115133
0.0021600100000000047, 0.0 3.6447956003429436 1.8223978001714718 -0.0018223978001714717
0.0021700100000000048, 0.0 3.3759573905477733 1.6879786952738867 -0.0016879786952738868
0.002180010000000005, 0.0 3.0981781386680978 1.5490890693340489 -0.001549089069334049
0.002190010000000005, 0.0 2.812567707707755 1.4062838538538776 -0.0014062838538538775
0.002200010000000005, 0.0 2.520265072688717 1.2601325363443585 -0.0012601325363443586
0.002210010000000005, 0.0 2.2224337819612474 1.1112168909806237 -0.0011112168909806236
0.002220010000000005, 0.0 1.9202573288523117 0.9601286644261559 -0.0009601286644261559
0.002230010000000005, 0.0 1.6149344520498765 0.8074672260249383 -0.0008074672260249383
0.002240010000000005, 0.0 1.3076743833725195 0.6538371916862598 -0.0006538371916862597
0.002250010000000005, 0.0 0.9996920617512909 0.49984603087564544 -0.0004998460308756454
0.002260010000000005, 0.0 0.6922033323541101 0.34610166617705507 -0.00034610166617705506
0.002270010000000005, 0.0 0.3864201498111979 0.19321007490559894 -0.00019321007490559895
0.002280010000000005, 0.0 0.08354580445356352 0.04177290222678176 -4.177290222678176e-05
0.002290010000000005, 0.0 -0.21522980964431504 -0.10761490482215752 0.00010761490482215752
0.002300010000000005, 0.0 -0.5087348662215949 -0.25436743311079746 0.00025436743311079747
0.002310010000000005, 0.0 -0.795820199659683 -0.3979100998298415 0.0003979100998298415
0.002320010000000005, 0.0 -1.075363801094038 -0.537681900547019 0.000537681900547019
0.002330010000000005, 0.0 -1.3462752002309784 -0.6731376001154892 0.0006731376001154892
0.002340010000000005, 0.0 -1.6074997157702318 -0.8037498578851159 0.0008037498578851159
0.0023500100000000052, 0.0 -1.8580225578794844 -0.9290112789397422 0.0009290112789397423
0.0023600100000000053, 0.0 -2.0968727667772358 -1.0484363833886179 0.001048436383388618
0.0023700100000000053, 0.0 -2.3231269721520422 -1.1615634860760211 0.0011615634860760212
0.0023800100000000053, 0.0 -2.5359129588773746 -1.2679564794386873 0.0012679564794386873
0.0023900100000000053, 0.0 -2.7344130252684797 -1.3672065126342399 0.00136720651263424
0.0024000100000000054, 0.0 -2.9178671209678586 -1.4589335604839293 0.0014589335604839294
0.0024100100000000054, 0.0 -3.085575752435762 -1.542787876217881 0.0015427878762178811
0.0024200100000000054, 0.0 -3.2369026449579383 -1.6184513224789692 0.0016184513224789692
0.0024300100000000054, 0.0 -3.3712771510608066 -1.6856385755304033 0.0016856385755304034
0.0024400100000000055, 0.0 -3.488196396240693 -1.7440981981203465 0.0017440981981203464
0.0024500100000000055, 0.0 -3.5872271539642284 -1.7936135769821142 0.0017936135769821143
0.0024600100000000055, 0.0 -3.6680074429776903 -1.8340037214888452 0.0018340037214888453
0.0024700100000000056, 0.0 -3.7302478410694135 -1.8651239205347068 0.0018651239205347068
0.0024800100000000056, 0.0 -3.773732510557081 -1.8868662552785405 0.0018868662552785406
0.0024900100000000056, 0.0 -3.7983199319161773 -1.8991599659580887 0.0018991599659580888
0.0025000100000000056, 0.0 -3.80394334312279 -1.901971671561395 0.001901971671561395
0.0025100100000000057, 0.0 -3.790610883448454 -1.895305441724227 0.001895305441724227
0.0025200100000000057, 0.0 -3.7584054416123935 -1.8792027208061968 0.0018792027208061968
0.0025300100000000057, 0.0 -3.70748420936272 -1.85374210468136 0.0018537421046813602
0.0025400100000000057, 0.0 -3.638077942718194 -1.819038971359097 0.0018190389713590971
0.0025500100000000058, 0.0 -3.550489934251618 -1.775244967125809 0.0017752449671258092
0.002560010000000006, 0.0 -3.4450947009301487 -1.7225473504650743 0.0017225473504650743
0.002570010000000006, 0.0 -3.3223363931424847 -1.6611681965712424 0.0016611681965712423
0.002580010000000006, 0.0 -3.1827269316335096 -1.5913634658167548 0.001591363465816755
0.002590010000000006, 0.0 -3.026843880129338 -1.513421940064669 0.001513421940064669
0.002600010000000006, 0.0 -2.8553280624658064 -1.4276640312329032 0.0014276640312329031
0.002610010000000006, 0.0 -2.6688809340269324 -1.3344404670134662 0.0013344404670134662
0.002620010000000006, 0.0 -2.46826171825326 -1.23413085912663 0.00123413085912663
0.002630010000000006, 0.0 -2.254284319889388 -1.127142159944694 0.001127142159944694
0.002640010000000006, 0.0 -2.0278140275018335 -1.0139070137509167 0.0010139070137509167
0.002650010000000006, 0.0 -1.7897640186094734 -0.8948820093047367 0.0008948820093047367
0.002660010000000006, 0.0 -1.5410916815259972 -0.7705458407629986 0.0007705458407629986
0.002670010000000006, 0.0 -1.2827947687141812 -0.6413973843570906 0.0006413973843570906
0.002680010000000006, 0.0 -1.015907397092553 -0.5079536985462765 0.0005079536985462765
0.002690010000000006, 0.0 -0.7414959113141097 -0.3707479556570549 0.0003707479556570549
0.002700010000000006, 0.0 -0.46065462655142286 -0.23032731327571143 0.00023032731327571145
0.002710010000000006, 0.0 -0.17450146777136366 -0.08725073388568183 8.725073388568183e-05
0.002720010000000006, 0.0 0.11582647713620908 0.05791323856810454 -5.791323856810454e-05
0.0027300100000000062, 0.0 0.4091774726995948 0.2045887363497974 -0.00020458873634979742
0.0027400100000000063, 0.0 0.7043897017580193 0.35219485087900965 -0.0003521948508790097
0.0027500100000000063, 0.0 1.0002958638173078 0.5001479319086539 -0.0005001479319086539
0.0027600100000000063, 0.0 1.2957277876804856 0.6478638938402428 -0.0006478638938402427
0.0027700100000000063, 0.0 1.5895210401381026 0.7947605200690513 -0.0007947605200690513
0.0027800100000000064, 0.0 1.8805195125478904 0.9402597562739452 -0.0009402597562739452
0.0027900100000000064, 0.0 2.1675799672493796 1.0837899836246898 -0.0010837899836246899
0.0028000100000000064, 0.0 2.4495765259466364 1.2247882629733182 -0.0012247882629733183
0.0028100100000000064, 0.0 2.725405082449476 1.362702541224738 -0.0013627025412247381
0.0028200100000000065, 0.0 2.9939876224902076 1.4969938112451038 -0.0014969938112451037
0.0028300100000000065, 0.0 3.254276433726961 1.6271382168634805 -0.0016271382168634805
0.0028400100000000065, 0.0 3.505258189504752 1.752629094752376 -0.001752629094752376
0.0028500100000000065, 0.0 3.7459578904697475 1.8729789452348737 -0.0018729789452348738
0.0028600100000000066, 0.0 3.975442648718033 1.9877213243590166 -0.0019877213243590167
0.0028700100000000066, 0.0 4.1928252998059445 2.0964126499029723 -0.0020964126499029723
0.0028800100000000066, 0.0 4.39726782865125 2.198633914325625 -0.002198633914325625
0.0028900100000000067, 0.0 4.587984596110856 2.293992298055428 -0.0022939922980554283
0.0029000100000000067, 0.0 4.764245353828057 2.3821226769140287 -0.0023821226769140287
0.0029100100000000067, 0.0 4.925378035797106 2.462689017898553 -0.002462689017898553
0.0029200100000000067, 0.0 5.0707713159921495 2.5353856579960747 -0.002535385657996075
0.0029300100000000068, 0.0 5.1998769223470935 2.5999384611735468 -0.002599938461173547
0.002940010000000007, 0.0 5.3122116983495875 2.6561058491747938 -0.0026561058491747936
0.002950010000000007, 0.0 5.4073594045216105 2.7036797022608052 -0.002703679702260805
0.002960010000000007, 0.0 5.484972253097413 2.7424861265487066 -0.0027424861265487066
0.002970010000000007, 0.0 5.544772170272576 2.772386085136288 -0.0027723860851362877
0.002980010000000007, 0.0 5.586551781481354 2.793275890740677 -0.0027932758907406774
0.002990010000000007, 0.0 5.61017511625916 2.80508755812958 -0.0028050875581295803
0.003000010000000007, 0.0 5.615578030358482 2.807789015179241 -0.0028077890151792413
0.003010010000000007, 0.0 5.602768343905453 2.8013841719527264 -0.0028013841719527264
0.003020010000000007, 0.0 5.571825695506129 2.7859128477530644 -0.0027859128477530646
0.003030010000000007, 0.0 5.5229011133320185 2.7614505566660092 -0.0027614505566660092
0.003040010000000007, 0.0 5.456216305328967 2.7281081526644835 -0.0027281081526644834
0.003050010000000007, 0.0 5.372062671797892 2.686031335898946 -0.002686031335898946
0.003060010000000007, 0.0 5.270800044685627 2.6354000223428136 -0.0026354000223428138
0.003070010000000007, 0.0 5.152855158995027 2.5764275794975133 -0.0025764275794975134
0.003080010000000007, 0.0 5.018719862771458 2.509359931385729 -0.002509359931385729
0.003090010000000007, 0.0 4.868949073143412 2.434474536571706 -0.002434474536571706
0.003100010000000007, 0.0 4.704158486884717 2.3520792434423585 -0.0023520792434423587
0.0031100100000000072, 0.0 4.525022054920368 2.262511027460184 -0.002262511027460184
0.0031200100000000073, 0.0 4.332269231113996 2.166134615556998 -0.002166134615556998
0.0031300100000000073, 0.0 4.126682006548698 2.063341003274349 -0.0020633410032743493
0.0031400100000000073, 0.0 3.9090917413409922 1.954545870670496 -0.001954545870670496
0.0031500100000000073, 0.0 3.680375806807095 1.8401879034035475 -0.0018401879034035476
0.0031600100000000074, 0.0 3.4414540515279666 1.7207270257639833 -0.0017207270257639834
0.0031700100000000074, 0.0 3.193285105532724 1.596642552766362 -0.0015966425527663619
0.0031800100000000074, 0.0 2.9368625374355446 1.4684312687177723 -0.0014684312687177723
0.0031900100000000074, 0.0 2.673210879917514 1.336605439958757 -0.001336605439958757
0.0032000100000000075, 0.0 2.4033815394395535 1.2016907697197767 -0.0012016907697197767
0.0032100100000000075, 0.0 2.12844860650359 1.064224303251795 -0.001064224303251795
0.0032200100000000075, 0.0 1.8495045831455963 0.9247522915727981 -0.0009247522915727982
0.0032300100000000075, 0.0 1.567656044643479 0.7838280223217395 -0.0007838280223217396
0.0032400100000000076, 0.0 1.284019252655532 0.642009626327766 -0.000642009626327766
0.0032500100000000076, 0.0 0.9997157371688717 0.49985786858443587 -0.0004998578685844359
0.0032600100000000076, 0.0 0.7158678647326735 0.35793393236633675 -0.00035793393236633675
0.0032700100000000077, 0.0 0.43359441047718317 0.21679720523859158 -0.00021679720523859158
0.0032800100000000077, 0.0 0.1540061513764044 0.0770030756882022 -7.70030756882022e-05
0.0032900100000000077, 0.0 -0.12179850189905728 -0.06089925094952864 6.089925094952864e-05
0.0033000100000000077, 0.0 -0.39273781737267544 -0.19636890868633772 0.00019636890868633772
0.0033100100000000078, 0.0 -0.6577509814772291 -0.32887549073861455 0.0003288754907386146
0.0033200100000000078, 0.0 -0.9158022494890761 -0.45790112474453804 0.00045790112474453803
0.003330010000000008, 0.0 -1.1658849904548565 -0.5829424952274282 0.0005829424952274282
0.003340010000000008, 0.0 -1.4070256108260648 -0.7035128054130324 0.0007035128054130324
0.003350010000000008, 0.0 -1.6382873415203507 -0.8191436707601754 0.0008191436707601754
0.003360010000000008, 0.0 -1.858773873691729 -0.9293869368458645 0.0009293869368458645
0.003370010000000008, 0.0 -2.067632829111927 -1.0338164145559634 0.0010338164145559635
0.003380010000000008, 0.0 -2.2640590517400865 -1.1320295258700432 0.0011320295258700434
0.003390010000000008, 0.0 -2.4472977077845486 -1.2236488538922743 0.0012236488538922743
0.003400010000000008, 0.0 -2.6166471823362176 -1.3083235911681088 0.001308323591168109
0.003410010000000008, 0.0 -2.7714617614743684 -1.3857308807371842 0.0013857308807371843
0.003420010000000008, 0.0 -2.9111540896094805 -1.4555770448047403 0.0014555770448047402
0.003430010000000008, 0.0 -3.0351973927306632 -1.5175986963653316 0.0015175986963653317
0.003440010000000008, 0.0 -3.1431274591633995 -1.5715637295816998 0.0015715637295816997
0.003450010000000008, 0.0 -3.2345443704130448 -1.6172721852065224 0.0016172721852065223
0.003460010000000008, 0.0 -3.309113975667203 -1.6545569878336015 0.0016545569878336015
0.003470010000000008, 0.0 -3.3665691045512807 -1.6832845522756403 0.0016832845522756403
0.003480010000000008, 0.0 -3.4067105137725626 -1.7033552568862813 0.0017033552568862813
0.0034900100000000082, 0.0 -3.429407564344637 -1.7147037821723186 0.0017147037821723186
0.0035000100000000083, 0.0 -3.4345986271519093 -1.7172993135759547 0.0017172993135759547
0.0035100100000000083, 0.0 -3.4222912156889853 -1.7111456078444927 0.0017111456078444927
0.0035200100000000083, 0.0 -3.392561845887509 -1.6962809229437545 0.0016962809229437545
0.0035300100000000083, 0.0 -3.3455556240196804 -1.6727778120098402 0.0016727778120098403
0.0035400100000000084, 0.0 -3.281485564738446 -1.640742782369223 0.0016407427823692232
0.0035500100000000084, 0.0 -3.2006316423754946 -1.6003158211877473 0.0016003158211877473
0.0035600100000000084, 0.0 -3.1033395796652066 -1.5516697898326033 0.0015516697898326033
0.0035700100000000084, 0.0 -2.99001937909165 -1.495009689545825 0.001495009689545825
0.0035800100000000085, 0.0 -2.8611436030624757 -1.4305718015312379 0.001430571801531238
0.0035900100000000085, 0.0 -2.717245410094342 -1.358622705047171 0.0013586227050471711
0.0036000100000000085, 0.0 -2.558916355145261 -1.2794581775726306 0.0012794581775726307
0.0036100100000000085, 0.0 -2.3868039631464852 -1.1934019815732426 0.0011934019815732426
0.0036200100000000086, 0.0 -2.201609085666538 -1.100804542833269 0.001100804542833269
0.0036300100000000086, 0.0 -2.0040830514795562 -1.0020415257397781 0.001002041525739778
0.0036400100000000086, 0.0 -1.7950246226056437 -0.8975123113028218 0.0008975123113028219
0.0036500100000000086, 0.0 -1.57527676813962 -0.78763838406981 0.00078763838406981
0.0036600100000000087, 0.0 -1.3457232688836887 -0.6728616344418443 0.0006728616344418443
0.0036700100000000087, 0.0 -1.1072851664458958 -0.5536425832229479 0.0005536425832229479
0.0036800100000000087, 0.0 -0.8609170710578078 -0.4304585355289039 0.00043045853552890393
0.0036900100000000088, 0.0 -0.6076033428994851 -0.30380167144974257 0.00030380167144974257
0.0037000100000000088, 0.0 -0.3483541621948161 -0.17417708109740804 0.00017417708109740803
0.003710010000000009, 0.0 -0.08420150375477564 -0.04210075187738782 4.2100751877387824e-05
0.003720010000000009, 0.0 0.18380496800224433 0.09190248400112216 -9.190248400112217e-05
0.003730010000000009, 0.0 0.4546020672356035 0.22730103361780174 -0.00022730103361780175
0.003740010000000009, 0.0 0.7271173015326675 0.36355865076633376 -0.00036355865076633377
0.003750010000000009, 0.0 1.0002731167261296 0.5001365583630648 -0.0005001365583630649
0.003760010000000009, 0.0 1.2729911548886768 0.6364955774443384 -0.0006364955774443384
0.003770010000000009, 0.0 1.5441965086904057 0.7720982543452029 -0.0007720982543452029
0.003780010000000009, 0.0 1.812821955345417 0.9064109776727085 -0.0009064109776727085
0.003790010000000009, 0.0 2.077812153481541 1.0389060767407705 -0.0010389060767407705
0.003800010000000009, 0.0 2.3381277864397596 1.1690638932198798 -0.00116906389321988
0.003810010000000009, 0.0 2.5927496357477553 1.2963748178738776 -0.0012963748178738777
0.003820010000000009, 0.0 2.8406825688133956 1.4203412844066978 -0.001420341284406698
0.003830010000000009, 0.0 3.080959425247583 1.5404797126237915 -0.0015404797126237916
0.003840010000000009, 0.0 3.3126447866508846 1.6563223933254423 -0.0016563223933254423
0.003850010000000009, 0.0 3.5348386151820415 1.7674193075910207 -0.0017674193075910207
0.003860010000000009, 0.0 3.746679746767614 1.873339873383807 -0.001873339873383807
0.0038700100000000092, 0.0 3.9473492254077303 1.973674612703865 -0.001973674612703865
0.0038800100000000093, 0.0 4.136073465681447 2.0680367328407234 -0.0020680367328407235
0.0038900100000000093, 0.0 4.312127231253425 2.1560636156267123 -0.0021560636156267125
0.0039000100000000093, 0.0 4.474836417928662 2.237418208964331 -0.002237418208964331
0.003910010000000009, 0.0 4.623580630591403 2.3117903152957013 -0.002311790315295701
0.0039200100000000085, 0.0 4.757795544194211 2.3788977720971056 -0.0023788977720971055
0.003930010000000008, 0.0 4.8769750398306115 2.4384875199153058 -0.0024384875199153057
0.003940010000000008, 0.0 4.9806731078261866 2.4903365539130933 -0.0024903365539130935
0.003950010000000007, 0.0 5.06850551071477 2.534252755357385 -0.002534252755357385
0.003960010000000007, 0.0 5.140151199924722 2.570075599962361 -0.002570075599962361
0.0039700100000000065, 0.0 5.19535348098168 2.59767674049084 -0.0025976767404908402
0.003980010000000006, 0.0 5.233920923034181 2.6169604615170905 -0.0026169604615170904
0.003990010000000006, 0.0 5.255728009523737 2.6278640047618684 -0.0026278640047618686
0.004000010000000005, 0.0 5.260715527846947 2.6303577639234734 -0.0026303577639234734
0.004010010000000005, 0.0 5.248890696890072 2.624445348445036 -0.0026244453484450363
0.004020010000000004, 0.0 5.220327032352168 2.610163516176084 -0.002610163516176084
0.004030010000000004, 0.0 5.175163950807117 2.5875819754035585 -0.0025875819754035585
0.004040010000000004, 0.0 5.113606114483853 2.5568030572419267 -0.0025568030572419268
0.004050010000000003, 0.0 5.035922519763497 2.5179612598817487 -0.002517961259881749
0.004060010000000003, 0.0 4.942445333398121 2.4712226666990604 -0.0024712226666990605
0.004070010000000002, 0.0 4.8335684814444395 2.4167842407222198 -0.00241678424072222
0.004080010000000002, 0.0 4.709745996873062 2.354872998436531 -0.002354872998436531
0.0040900100000000016, 0.0 4.571490132756191 2.2857450663780954 -0.0022857450663780953
0.004100010000000001, 0.0 4.419369248850163 2.2096846244250816 -0.0022096846244250815
0.004110010000000001, 0.0 4.254005480270513 2.1270027401352567 -0.0021270027401352567
0.00412001, 0.0 4.076072197802686 2.038036098901343 -0.0020380360989013433
0.00413001, 0.0 3.886291270198214 1.943145635099107 -0.001943145635099107
0.0041400099999999995, 0.0 3.685430139570397 1.8427150697851984 -0.0018427150697851984
0.004150009999999999, 0.0 3.474298721723081 1.7371493608615405 -0.0017371493608615404
0.004160009999999999, 0.0 3.2537461439175437 1.6268730719587718 -0.0016268730719587719
0.004170009999999998, 0.0 3.0246573332038067 1.5123286666019033 -0.0015123286666019033
0.004180009999999998, 0.0 2.787949469010874 1.393974734505437 -0.001393974734505437
0.0041900099999999975, 0.0 2.544568314204075 1.2722841571020376 -0.0012722841571020376
0.004200009999999997, 0.0 2.2954844392741576 1.1477422196370788 -0.001147742219637079
0.004210009999999997, 0.0 2.041689354720968 1.020844677360484 -0.001020844677360484
0.004220009999999996, 0.0 1.784191567032359 0.8920957835161795 -0.0008920957835161794
0.004230009999999996, 0.0 1.5240125739358885 0.7620062869679443 -0.0007620062869679443
0.0042400099999999954, 0.0 1.2621828148151575 0.6310914074075787 -0.0006310914074075788
0.004250009999999995, 0.0 0.9997375923342429 0.4998687961671215 -0.0004998687961671215
0.004260009999999995, 0.0 0.7377129814013332 0.3688564907006666 -0.0003688564907006666
0.004270009999999994, 0.0 0.4771417416270819 0.23857087081354095 -0.00023857087081354095
0.004280009999999994, 0.0 0.2190492493933741 0.10952462469668706 -0.00010952462469668706
0.004290009999999993, 0.0 -0.03555053445469447 -0.017775267227347236 1.7775267227347237e-05
0.004300009999999993, 0.0 -0.2856590454471968 -0.1428295227235984 0.0001428295227235984
0.004310009999999993, 0.0 -0.5302970292397493 -0.26514851461987465 0.00026514851461987464
0.004320009999999992, 0.0 -0.7685083729472748 -0.3842541864736374 0.0003842541864736374
0.004330009999999992, 0.0 -0.9993638390819739 -0.49968191954098695 0.000499681919540987
0.004340009999999991, 0.0 -1.2219646875244647 -0.6109823437622324 0.0006109823437622324
0.004350009999999991, 0.0 -1.4354461714220275 -0.7177230857110137 0.0007177230857110138
0.0043600099999999906, 0.0 -1.6389808934275303 -0.8194904467137651 0.0008194904467137651
0.00437000999999999, 0.0 -1.831782009265162 -0.915891004632581 0.000915891004632581
0.00438000999999999, 0.0 -2.0131062662322177 -1.0065531331161088 0.001006553133116109
0.004390009999999989, 0.0 -2.1822568649167975 -1.0911284324583987 0.0010911284324583988
0.004400009999999989, 0.0 -2.3385861331274462 -1.1692930665637231 0.0011692930665637231
0.0044100099999999885, 0.0 -2.481498001788858 -1.240749000894429 0.001240749000894429
0.004420009999999988, 0.0 -2.610450273355203 -1.3052251366776015 0.0013052251366776017
0.004430009999999988, 0.0 -2.7249566741261906 -1.3624783370630953 0.0013624783370630954
0.004440009999999987, 0.0 -2.8245886827168696 -1.4122943413584348 0.001412294341358435
0.004450009999999987, 0.0 -2.908977127827626 -1.454488563913813 0.001454488563913813
0.0044600099999999865, 0.0 -2.977813549381366 -1.488906774690683 0.001488906774690683
0.004470009999999986, 0.0 -3.0308513180380414 -1.5154256590190207 0.0015154256590190207
0.004480009999999986, 0.0 -3.067906509057237 -1.5339532545286185 0.0015339532545286185
0.004490009999999985, 0.0 -3.088858527455118 -1.544429263727559 0.001544429263727559
0.004500009999999985, 0.0 -3.0936504823876696 -1.5468252411938348 0.0015468252411938348
0.0045100099999999844, 0.0 -3.082289309684576 -1.541144654842288 0.001541144654842288
0.004520009999999984, 0.0 -3.0548456424531008 -1.5274228212265504 0.0015274228212265504
0.004530009999999984, 0.0 -3.0114534306650738 -1.5057267153325369 0.001505726715332537
0.004540009999999983, 0.0 -2.9523093116286447 -1.4761546558143224 0.0014761546558143225
0.004550009999999983, 0.0 -2.8776717342259674 -1.4388358671129837 0.0014388358671129837
0.004560009999999982, 0.0 -2.7878598407644724 -1.3939299203822362 0.0013939299203822363
0.004570009999999982, 0.0 -2.6832521112392547 -1.3416260556196273 0.0013416260556196275
0.004580009999999982, 0.0 -2.564284775733505 -1.2821423878667526 0.0012821423878667526
0.004590009999999981, 0.0 -2.431450001589168 -1.215725000794584 0.001215725000794584
0.004600009999999981, 0.0 -2.2852938628577553 -1.1426469314288776 0.0011426469314288776
0.00461000999999998, 0.0 -2.126414100388024 -1.063207050194012 0.0010632070501940122
0.00462000999999998, 0.0 -1.955457681719257 -0.9777288408596286 0.0009777288408596286
0.0046300099999999796, 0.0 -1.7731181707243762 -0.8865590853621881 0.0008865590853621881
0.004640009999999979, 0.0 -1.5801329176810017 -0.7900664588405009 0.0007900664588405008
0.004650009999999979, 0.0 -1.3772800811400403 -0.6886400405700202 0.0006886400405700201
0.004660009999999978, 0.0 -1.1653754936066822 -0.5826877468033411 0.0005826877468033411
0.004670009999999978, 0.0 -0.9452693836449799 -0.47263469182248996 0.00047263469182248996
0.0046800099999999775, 0.0 -0.7178429675641285 -0.35892148378206423 0.0003589214837820642
0.004690009999999977, 0.0 -0.4840049243370719 -0.24200246216853594 0.00024200246216853595
0.004700009999999977, 0.0 -0.24468776784128576 -0.12234388392064288 0.0001223438839206429
0.004710009999999976, 0.0 -0.0008441308937980896 -0.0004220654468990448 4.220654468990448e-07
0.004720009999999976, 0.0 0.24655702412249147 0.12327851206124575 -0.00012327851206124575
0.0047300099999999755, 0.0 0.4965342529788611 0.24826712648943056 -0.00024826712648943057
0.004740009999999975, 0.0 0.7480975203978468 0.3740487601989234 -0.00037404876019892343
0.004750009999999975, 0.0 1.000252118513484 0.500126059256742 -0.000500126059256742
0.004760009999999974, 0.0 1.252002597495843 0.6260012987479215 -0.0006260012987479215
0.004770009999999974, 0.0 1.5023566928177754 0.7511783464088877 -0.0007511783464088877
0.0047800099999999734, 0.0 1.7503292336804237 0.8751646168402119 -0.0008751646168402118
0.004790009999999973, 0.0 1.994946017212113 0.9974730086060564 -0.0009974730086060564
0.004800009999999973, 0.0 2.2352476332158258 1.1176238166079129 -0.001117623816607913
0.004810009999999972, 0.0 2.4702932244592652 1.2351466122296326 -0.0012351466122296326
0.004820009999999972, 0.0 2.6991641677797533 1.3495820838898767 -0.0013495820838898766
0.004830009999999971, 0.0 2.9209676616125617 1.4604838308062809 -0.0014604838308062808
0.004840009999999971, 0.0 3.1348402059424587 1.5674201029712294 -0.0015674201029712293
0.004850009999999971, 0.0 3.339950961125822 1.669975480562911 -0.001669975480562911
0.00486000999999997, 0.0 3.5355049725295564 1.7677524862647782 -0.0017677524862647783
0.00487000999999997, 0.0 3.7207462484831577 1.8603731242415789 -0.0018603731242415788
0.004880009999999969, 0.0 3.8949606796392597 1.9474803398196299 -0.0019474803398196298
0.004890009999999969, 0.0 4.0574787884817125 2.0287393942408563 -0.0020287393942408564
0.0049000099999999686, 0.0 4.207678298408942 2.103839149204471 -0.002103839149204471
0.004910009999999968, 0.0 4.3449865125483775 2.1724932562741888 -0.0021724932562741887
0.004920009999999968, 0.0 4.468882493224067 2.2344412466120334 -0.0022344412466120335
0.004930009999999967, 0.0 4.578899033800196 2.289449516900098 -0.002289449516900098
0.004940009999999967, 0.0 4.674624415455684 2.337312207727842 -0.002337312207727842
0.0049500099999999665, 0.0 4.75570394230461 2.377851971152305 -0.002377851971152305
0.004960009999999966, 0.0 4.821841249162512 2.410920624581256 -0.002410920624581256
0.004970009999999966, 0.0 4.872799377164087 2.4363996885820436 -0.0024363996885820435
0.004980009999999965, 0.0 4.908401613361132 2.454200806680566 -0.0024542008066805662
0.004990009999999965, 0.0 4.9285320913667725 2.4642660456833863 -0.0024642660456833864
